{
 "cells": [
  {
   "cell_type": "code",
   "execution_count": 1,
   "id": "a1b2c3d4",
   "metadata": {},
   "outputs": [],
   "source": [
    "import torch.nn as nn\n",
    "\n",
    "from black_scholes.sobolev.bs_sobolev import BlackScholesSobolev\n",
    "from utility.model import EarlyStopping, ModelConfig\n",
    "from config.bs_1d import *"
   ]
  },
  {
   "cell_type": "code",
   "execution_count": null,
   "id": "b2c3d4e5",
   "metadata": {},
   "outputs": [
    {
     "name": "stdout",
     "output_type": "stream",
     "text": [
      "Training with seed: 42\n",
      "Iter      0 | Train: 5.0505e-01 | Val: 1.9547e+00 | Weights: pde=0.250  J2=0.250  J3=0.250  J4=0.250\n",
      "Iter    500 | Train: 1.5453e-02 | Val: 6.2301e-02 | Weights: pde=0.250  J2=0.250  J3=0.250  J4=0.250\n",
      "Iter   1000 | Train: 6.3808e-03 | Val: 2.4224e-02 | Weights: pde=0.250  J2=0.250  J3=0.250  J4=0.250\n",
      "Iter   1500 | Train: 2.5215e-03 | Val: 1.0865e-02 | Weights: pde=0.250  J2=0.250  J3=0.250  J4=0.250\n",
      "Iter   2000 | Train: 1.8450e-03 | Val: 7.3031e-03 | Weights: pde=0.250  J2=0.250  J3=0.250  J4=0.250\n",
      "Iter   2500 | Train: 1.5222e-03 | Val: 5.8700e-03 | Weights: pde=0.250  J2=0.250  J3=0.250  J4=0.250\n",
      "Iter   3000 | Train: 2.3694e-04 | Val: 5.0408e-03 | Weights: pde=0.055  J2=0.038  J3=0.227  J4=0.680\n",
      "Iter   3500 | Train: 1.8302e-04 | Val: 4.9568e-03 | Weights: pde=0.055  J2=0.038  J3=0.227  J4=0.680\n",
      "Iter   4000 | Train: 1.4928e-04 | Val: 4.8554e-03 | Weights: pde=0.022  J2=0.032  J3=0.040  J4=0.906\n",
      "Iter   4500 | Train: 1.7137e-04 | Val: 4.8054e-03 | Weights: pde=0.022  J2=0.032  J3=0.040  J4=0.906\n",
      "Iter   5000 | Train: 3.3968e-04 | Val: 4.7431e-03 | Weights: pde=0.065  J2=0.069  J3=0.115  J4=0.751\n",
      "Iter   5500 | Train: 3.1303e-04 | Val: 4.4816e-03 | Weights: pde=0.065  J2=0.069  J3=0.115  J4=0.751\n",
      "Iter   6000 | Train: 6.1112e-05 | Val: 4.2911e-03 | Weights: pde=0.013  J2=0.010  J3=0.022  J4=0.955\n",
      "Early stopping at epoch 6493\n",
      "Training with seed: 43\n",
      "Iter      0 | Train: 5.5273e-01 | Val: 2.0906e+00 | Weights: pde=0.250  J2=0.250  J3=0.250  J4=0.250\n",
      "Iter    500 | Train: 1.4664e-02 | Val: 5.9016e-02 | Weights: pde=0.250  J2=0.250  J3=0.250  J4=0.250\n",
      "Iter   1000 | Train: 9.0568e-03 | Val: 3.6098e-02 | Weights: pde=0.250  J2=0.250  J3=0.250  J4=0.250\n",
      "Iter   1500 | Train: 4.3728e-03 | Val: 1.8037e-02 | Weights: pde=0.250  J2=0.250  J3=0.250  J4=0.250\n",
      "Iter   2000 | Train: 2.8777e-03 | Val: 1.0632e-02 | Weights: pde=0.250  J2=0.250  J3=0.250  J4=0.250\n",
      "Iter   2500 | Train: 2.1138e-03 | Val: 8.2225e-03 | Weights: pde=0.250  J2=0.250  J3=0.250  J4=0.250\n",
      "Iter   3000 | Train: 5.1001e-04 | Val: 6.5169e-03 | Weights: pde=0.051  J2=0.074  J3=0.061  J4=0.814\n",
      "Iter   3500 | Train: 4.8289e-04 | Val: 6.0560e-03 | Weights: pde=0.051  J2=0.074  J3=0.061  J4=0.814\n",
      "Iter   4000 | Train: 1.1626e-03 | Val: 5.5631e-03 | Weights: pde=0.055  J2=0.211  J3=0.117  J4=0.617\n",
      "Iter   4500 | Train: 8.9536e-04 | Val: 4.7768e-03 | Weights: pde=0.055  J2=0.211  J3=0.117  J4=0.617\n",
      "Iter   5000 | Train: 3.9953e-04 | Val: 4.2922e-03 | Weights: pde=0.061  J2=0.099  J3=0.105  J4=0.734\n",
      "Iter   5500 | Train: 4.0302e-04 | Val: 4.1085e-03 | Weights: pde=0.061  J2=0.099  J3=0.105  J4=0.734\n",
      "Iter   6000 | Train: 3.5610e-04 | Val: 3.9619e-03 | Weights: pde=0.190  J2=0.073  J3=0.272  J4=0.465\n",
      "Iter   6500 | Train: 3.2146e-04 | Val: 3.8932e-03 | Weights: pde=0.190  J2=0.073  J3=0.272  J4=0.465\n",
      "Iter   7000 | Train: 2.3068e-04 | Val: 3.8215e-03 | Weights: pde=0.100  J2=0.060  J3=0.421  J4=0.419\n",
      "Iter   7500 | Train: 2.4035e-04 | Val: 3.7049e-03 | Weights: pde=0.100  J2=0.060  J3=0.421  J4=0.419\n",
      "Iter   8000 | Train: 1.9037e-04 | Val: 3.6142e-03 | Weights: pde=0.057  J2=0.046  J3=0.464  J4=0.433\n",
      "Iter   8500 | Train: 1.8694e-04 | Val: 3.5541e-03 | Weights: pde=0.057  J2=0.046  J3=0.464  J4=0.433\n",
      "Iter   9000 | Train: 6.3229e-05 | Val: 3.4998e-03 | Weights: pde=0.022  J2=0.019  J3=0.632  J4=0.327\n",
      "Iter   9500 | Train: 6.8875e-05 | Val: 3.4691e-03 | Weights: pde=0.022  J2=0.019  J3=0.632  J4=0.327\n",
      "Iter  10000 | Train: 9.7921e-05 | Val: 3.4392e-03 | Weights: pde=0.031  J2=0.031  J3=0.038  J4=0.899\n",
      "Iter  10500 | Train: 9.9459e-05 | Val: 3.3963e-03 | Weights: pde=0.031  J2=0.031  J3=0.038  J4=0.899\n",
      "Iter  11000 | Train: 1.8780e-04 | Val: 3.3551e-03 | Weights: pde=0.073  J2=0.042  J3=0.192  J4=0.693\n",
      "Iter  11500 | Train: 1.6539e-04 | Val: 3.3166e-03 | Weights: pde=0.073  J2=0.042  J3=0.192  J4=0.693\n",
      "Iter  12000 | Train: 1.5673e-04 | Val: 3.2744e-03 | Weights: pde=0.038  J2=0.040  J3=0.364  J4=0.558\n",
      "Iter  12500 | Train: 1.3520e-04 | Val: 3.2365e-03 | Weights: pde=0.038  J2=0.040  J3=0.364  J4=0.558\n",
      "Iter  13000 | Train: 1.4013e-04 | Val: 3.2141e-03 | Weights: pde=0.037  J2=0.037  J3=0.428  J4=0.498\n",
      "Iter  13500 | Train: 1.2534e-04 | Val: 3.1812e-03 | Weights: pde=0.037  J2=0.037  J3=0.428  J4=0.498\n",
      "Iter  14000 | Train: 9.4750e-05 | Val: 3.1573e-03 | Weights: pde=0.023  J2=0.030  J3=0.071  J4=0.877\n",
      "Iter  14500 | Train: 1.0686e-04 | Val: 3.1444e-03 | Weights: pde=0.023  J2=0.030  J3=0.071  J4=0.877\n",
      "Iter  15000 | Train: 4.3487e-05 | Val: 3.1309e-03 | Weights: pde=0.015  J2=0.012  J3=0.205  J4=0.768\n",
      "Iter  15500 | Train: 4.3374e-05 | Val: 3.1276e-03 | Weights: pde=0.015  J2=0.012  J3=0.205  J4=0.768\n",
      "Iter  16000 | Train: 1.9220e-04 | Val: 3.1194e-03 | Weights: pde=0.063  J2=0.060  J3=0.253  J4=0.623\n",
      "Iter  16500 | Train: 1.7092e-04 | Val: 3.0922e-03 | Weights: pde=0.063  J2=0.060  J3=0.253  J4=0.623\n",
      "Iter  17000 | Train: 1.5496e-04 | Val: 3.0777e-03 | Weights: pde=0.038  J2=0.049  J3=0.148  J4=0.765\n",
      "Iter  17500 | Train: 1.4328e-04 | Val: 3.0696e-03 | Weights: pde=0.038  J2=0.049  J3=0.148  J4=0.765\n",
      "Iter  18000 | Train: 9.8587e-05 | Val: 3.0552e-03 | Weights: pde=0.022  J2=0.032  J3=0.158  J4=0.787\n",
      "Iter  18500 | Train: 8.9212e-05 | Val: 3.0510e-03 | Weights: pde=0.022  J2=0.032  J3=0.158  J4=0.787\n",
      "Iter  19000 | Train: 6.7907e-05 | Val: 3.0470e-03 | Weights: pde=0.028  J2=0.021  J3=0.124  J4=0.827\n",
      "Iter  19500 | Train: 7.9182e-05 | Val: 3.0421e-03 | Weights: pde=0.028  J2=0.021  J3=0.124  J4=0.827\n",
      "Iter  20000 | Train: 1.2759e-04 | Val: 3.0354e-03 | Weights: pde=0.048  J2=0.047  J3=0.291  J4=0.614\n",
      "Iter  20500 | Train: 1.2804e-04 | Val: 3.0250e-03 | Weights: pde=0.048  J2=0.047  J3=0.291  J4=0.614\n",
      "Iter  21000 | Train: 1.4070e-04 | Val: 3.0194e-03 | Weights: pde=0.038  J2=0.042  J3=0.181  J4=0.739\n",
      "Iter  21500 | Train: 1.2066e-04 | Val: 3.0137e-03 | Weights: pde=0.038  J2=0.042  J3=0.181  J4=0.739\n",
      "Iter  22000 | Train: 6.3589e-05 | Val: 3.0072e-03 | Weights: pde=0.028  J2=0.020  J3=0.086  J4=0.867\n",
      "Early stopping at epoch 22492\n",
      "Training with seed: 44\n",
      "Iter      0 | Train: 9.4360e-01 | Val: 3.5913e+00 | Weights: pde=0.250  J2=0.250  J3=0.250  J4=0.250\n",
      "Iter    500 | Train: 1.4408e-02 | Val: 5.8721e-02 | Weights: pde=0.250  J2=0.250  J3=0.250  J4=0.250\n",
      "Iter   1000 | Train: 8.6555e-03 | Val: 3.7583e-02 | Weights: pde=0.250  J2=0.250  J3=0.250  J4=0.250\n",
      "Iter   1500 | Train: 4.9033e-03 | Val: 1.8632e-02 | Weights: pde=0.250  J2=0.250  J3=0.250  J4=0.250\n",
      "Iter   2000 | Train: 2.7182e-03 | Val: 1.1820e-02 | Weights: pde=0.250  J2=0.250  J3=0.250  J4=0.250\n",
      "Iter   2500 | Train: 2.4602e-03 | Val: 9.4207e-03 | Weights: pde=0.250  J2=0.250  J3=0.250  J4=0.250\n",
      "Iter   3000 | Train: 5.0039e-04 | Val: 7.7820e-03 | Weights: pde=0.058  J2=0.066  J3=0.227  J4=0.649\n",
      "Iter   3500 | Train: 5.3115e-04 | Val: 7.4718e-03 | Weights: pde=0.058  J2=0.066  J3=0.227  J4=0.649\n",
      "Iter   4000 | Train: 1.3275e-03 | Val: 7.1254e-03 | Weights: pde=0.090  J2=0.213  J3=0.047  J4=0.651\n",
      "Iter   4500 | Train: 1.2351e-03 | Val: 6.4208e-03 | Weights: pde=0.090  J2=0.213  J3=0.047  J4=0.651\n",
      "Iter   5000 | Train: 4.4995e-04 | Val: 5.7018e-03 | Weights: pde=0.294  J2=0.060  J3=0.231  J4=0.414\n",
      "Iter   5500 | Train: 4.2334e-04 | Val: 5.5806e-03 | Weights: pde=0.294  J2=0.060  J3=0.231  J4=0.414\n",
      "Iter   6000 | Train: 2.7105e-04 | Val: 5.3544e-03 | Weights: pde=0.048  J2=0.047  J3=0.133  J4=0.772\n",
      "Iter   6500 | Train: 2.4375e-04 | Val: 5.2108e-03 | Weights: pde=0.048  J2=0.047  J3=0.133  J4=0.772\n",
      "Iter   7000 | Train: 9.0003e-04 | Val: 5.0735e-03 | Weights: pde=0.054  J2=0.189  J3=0.144  J4=0.612\n",
      "Iter   7500 | Train: 9.3178e-04 | Val: 4.5998e-03 | Weights: pde=0.054  J2=0.189  J3=0.144  J4=0.612\n",
      "Iter   8000 | Train: 2.4771e-04 | Val: 4.4169e-03 | Weights: pde=0.376  J2=0.032  J3=0.075  J4=0.518\n",
      "Early stopping at epoch 8474\n",
      "Training with seed: 45\n",
      "Iter      0 | Train: 5.0402e-01 | Val: 1.9208e+00 | Weights: pde=0.250  J2=0.250  J3=0.250  J4=0.250\n",
      "Iter    500 | Train: 1.5615e-02 | Val: 6.0705e-02 | Weights: pde=0.250  J2=0.250  J3=0.250  J4=0.250\n",
      "Iter   1000 | Train: 8.7092e-03 | Val: 3.4219e-02 | Weights: pde=0.250  J2=0.250  J3=0.250  J4=0.250\n",
      "Iter   1500 | Train: 3.9508e-03 | Val: 1.6479e-02 | Weights: pde=0.250  J2=0.250  J3=0.250  J4=0.250\n",
      "Iter   2000 | Train: 2.7337e-03 | Val: 1.0157e-02 | Weights: pde=0.250  J2=0.250  J3=0.250  J4=0.250\n",
      "Iter   2500 | Train: 2.2359e-03 | Val: 8.3613e-03 | Weights: pde=0.250  J2=0.250  J3=0.250  J4=0.250\n",
      "Iter   3000 | Train: 8.6212e-04 | Val: 7.0187e-03 | Weights: pde=0.039  J2=0.114  J3=0.142  J4=0.705\n",
      "Iter   3500 | Train: 7.7968e-04 | Val: 6.5615e-03 | Weights: pde=0.039  J2=0.114  J3=0.142  J4=0.705\n",
      "Iter   4000 | Train: 9.0462e-04 | Val: 6.0773e-03 | Weights: pde=0.139  J2=0.129  J3=0.085  J4=0.647\n",
      "Iter   4500 | Train: 7.5076e-04 | Val: 5.6643e-03 | Weights: pde=0.139  J2=0.129  J3=0.085  J4=0.647\n",
      "Iter   5000 | Train: 7.3847e-04 | Val: 5.2990e-03 | Weights: pde=0.041  J2=0.123  J3=0.057  J4=0.778\n",
      "Iter   5500 | Train: 6.5841e-04 | Val: 5.0361e-03 | Weights: pde=0.041  J2=0.123  J3=0.057  J4=0.778\n",
      "Iter   6000 | Train: 7.4188e-04 | Val: 4.7320e-03 | Weights: pde=0.250  J2=0.149  J3=0.089  J4=0.511\n",
      "Iter   6500 | Train: 7.9553e-04 | Val: 4.3658e-03 | Weights: pde=0.250  J2=0.149  J3=0.089  J4=0.511\n",
      "Iter   7000 | Train: 1.2659e-04 | Val: 4.1103e-03 | Weights: pde=0.032  J2=0.025  J3=0.078  J4=0.865\n",
      "Iter   7500 | Train: 1.2052e-04 | Val: 4.0806e-03 | Weights: pde=0.032  J2=0.025  J3=0.078  J4=0.865\n",
      "Iter   8000 | Train: 3.1393e-04 | Val: 4.0306e-03 | Weights: pde=0.079  J2=0.073  J3=0.256  J4=0.591\n",
      "Iter   8500 | Train: 3.1987e-04 | Val: 3.9124e-03 | Weights: pde=0.079  J2=0.073  J3=0.256  J4=0.591\n",
      "Iter   9000 | Train: 2.3544e-04 | Val: 3.8012e-03 | Weights: pde=0.060  J2=0.043  J3=0.077  J4=0.819\n",
      "Iter   9500 | Train: 1.8960e-04 | Val: 3.7408e-03 | Weights: pde=0.060  J2=0.043  J3=0.077  J4=0.819\n",
      "Iter  10000 | Train: 2.6993e-04 | Val: 3.6698e-03 | Weights: pde=0.243  J2=0.046  J3=0.281  J4=0.431\n",
      "Early stopping at epoch 10494\n",
      "Training with seed: 46\n",
      "Iter      0 | Train: 3.4884e-01 | Val: 1.3760e+00 | Weights: pde=0.250  J2=0.250  J3=0.250  J4=0.250\n",
      "Iter    500 | Train: 1.8259e-02 | Val: 7.6554e-02 | Weights: pde=0.250  J2=0.250  J3=0.250  J4=0.250\n",
      "Iter   1000 | Train: 5.5663e-03 | Val: 2.0275e-02 | Weights: pde=0.250  J2=0.250  J3=0.250  J4=0.250\n",
      "Iter   1500 | Train: 3.6268e-03 | Val: 1.4259e-02 | Weights: pde=0.250  J2=0.250  J3=0.250  J4=0.250\n",
      "Iter   2000 | Train: 2.7121e-03 | Val: 9.2157e-03 | Weights: pde=0.250  J2=0.250  J3=0.250  J4=0.250\n",
      "Iter   2500 | Train: 2.0300e-03 | Val: 7.2042e-03 | Weights: pde=0.250  J2=0.250  J3=0.250  J4=0.250\n",
      "Iter   3000 | Train: 9.8438e-04 | Val: 5.9381e-03 | Weights: pde=0.056  J2=0.153  J3=0.128  J4=0.663\n",
      "Iter   3500 | Train: 8.9749e-04 | Val: 5.0483e-03 | Weights: pde=0.056  J2=0.153  J3=0.128  J4=0.663\n",
      "Iter   4000 | Train: 9.4166e-04 | Val: 4.2047e-03 | Weights: pde=0.253  J2=0.165  J3=0.228  J4=0.354\n",
      "Iter   4500 | Train: 7.0055e-04 | Val: 3.6748e-03 | Weights: pde=0.253  J2=0.165  J3=0.228  J4=0.354\n",
      "Iter   5000 | Train: 2.6381e-04 | Val: 3.2349e-03 | Weights: pde=0.060  J2=0.060  J3=0.152  J4=0.728\n",
      "Iter   5500 | Train: 2.1933e-04 | Val: 3.1231e-03 | Weights: pde=0.060  J2=0.060  J3=0.152  J4=0.728\n",
      "Iter   6000 | Train: 3.4170e-04 | Val: 3.0285e-03 | Weights: pde=0.088  J2=0.086  J3=0.137  J4=0.690\n",
      "Iter   6500 | Train: 3.3288e-04 | Val: 2.9991e-03 | Weights: pde=0.088  J2=0.086  J3=0.137  J4=0.690\n",
      "Iter   7000 | Train: 5.8748e-05 | Val: 2.8598e-03 | Weights: pde=0.009  J2=0.016  J3=0.164  J4=0.812\n",
      "Early stopping at epoch 7489\n",
      "Training with seed: 47\n",
      "Iter      0 | Train: 5.0349e-01 | Val: 1.8950e+00 | Weights: pde=0.250  J2=0.250  J3=0.250  J4=0.250\n",
      "Iter    500 | Train: 1.6171e-02 | Val: 6.1114e-02 | Weights: pde=0.250  J2=0.250  J3=0.250  J4=0.250\n",
      "Iter   1000 | Train: 6.7778e-03 | Val: 2.6815e-02 | Weights: pde=0.250  J2=0.250  J3=0.250  J4=0.250\n",
      "Iter   1500 | Train: 2.6619e-03 | Val: 1.1620e-02 | Weights: pde=0.250  J2=0.250  J3=0.250  J4=0.250\n",
      "Iter   2000 | Train: 1.8515e-03 | Val: 7.7032e-03 | Weights: pde=0.250  J2=0.250  J3=0.250  J4=0.250\n",
      "Iter   2500 | Train: 1.5430e-03 | Val: 6.1340e-03 | Weights: pde=0.250  J2=0.250  J3=0.250  J4=0.250\n",
      "Iter   3000 | Train: 2.5741e-04 | Val: 5.3091e-03 | Weights: pde=0.039  J2=0.046  J3=0.132  J4=0.782\n",
      "Iter   3500 | Train: 2.3602e-04 | Val: 5.1798e-03 | Weights: pde=0.039  J2=0.046  J3=0.132  J4=0.782\n",
      "Iter   4000 | Train: 1.7100e-04 | Val: 5.0365e-03 | Weights: pde=0.034  J2=0.037  J3=0.029  J4=0.899\n",
      "Iter   4500 | Train: 1.7593e-04 | Val: 4.9415e-03 | Weights: pde=0.034  J2=0.037  J3=0.029  J4=0.899\n",
      "Iter   5000 | Train: 3.9148e-04 | Val: 4.8229e-03 | Weights: pde=0.072  J2=0.110  J3=0.187  J4=0.631\n",
      "Iter   5500 | Train: 5.0029e-04 | Val: 4.5111e-03 | Weights: pde=0.072  J2=0.110  J3=0.187  J4=0.631\n",
      "Iter   6000 | Train: 1.8792e-04 | Val: 4.2800e-03 | Weights: pde=0.091  J2=0.046  J3=0.068  J4=0.795\n",
      "Iter   6500 | Train: 1.8575e-04 | Val: 4.2408e-03 | Weights: pde=0.091  J2=0.046  J3=0.068  J4=0.795\n",
      "Iter   7000 | Train: 2.7361e-04 | Val: 4.1631e-03 | Weights: pde=0.058  J2=0.066  J3=0.235  J4=0.640\n",
      "Iter   7500 | Train: 2.4786e-04 | Val: 4.0280e-03 | Weights: pde=0.058  J2=0.066  J3=0.235  J4=0.640\n",
      "Iter   8000 | Train: 4.0239e-04 | Val: 3.9177e-03 | Weights: pde=0.140  J2=0.098  J3=0.123  J4=0.639\n",
      "Iter   8500 | Train: 3.3548e-04 | Val: 3.8480e-03 | Weights: pde=0.140  J2=0.098  J3=0.123  J4=0.639\n",
      "Iter   9000 | Train: 1.1578e-04 | Val: 3.7658e-03 | Weights: pde=0.039  J2=0.034  J3=0.191  J4=0.736\n",
      "Iter   9500 | Train: 1.1621e-04 | Val: 3.7448e-03 | Weights: pde=0.039  J2=0.034  J3=0.191  J4=0.736\n",
      "Iter  10000 | Train: 2.4782e-04 | Val: 3.6964e-03 | Weights: pde=0.063  J2=0.065  J3=0.344  J4=0.529\n",
      "Iter  10500 | Train: 2.2037e-04 | Val: 3.6511e-03 | Weights: pde=0.063  J2=0.065  J3=0.344  J4=0.529\n",
      "Iter  11000 | Train: 4.3795e-04 | Val: 3.6012e-03 | Weights: pde=0.112  J2=0.142  J3=0.103  J4=0.643\n",
      "Iter  11500 | Train: 3.5627e-04 | Val: 3.5233e-03 | Weights: pde=0.112  J2=0.142  J3=0.103  J4=0.643\n",
      "Iter  12000 | Train: 1.5246e-04 | Val: 3.4785e-03 | Weights: pde=0.062  J2=0.042  J3=0.204  J4=0.692\n",
      "Iter  12500 | Train: 1.2232e-04 | Val: 3.4934e-03 | Weights: pde=0.062  J2=0.042  J3=0.204  J4=0.692\n",
      "Early stopping at epoch 12509\n",
      "Training with seed: 48\n",
      "Iter      0 | Train: 7.4615e-01 | Val: 2.8432e+00 | Weights: pde=0.250  J2=0.250  J3=0.250  J4=0.250\n",
      "Iter    500 | Train: 1.4064e-02 | Val: 5.3885e-02 | Weights: pde=0.250  J2=0.250  J3=0.250  J4=0.250\n",
      "Iter   1000 | Train: 8.3135e-03 | Val: 3.3380e-02 | Weights: pde=0.250  J2=0.250  J3=0.250  J4=0.250\n",
      "Iter   1500 | Train: 4.6041e-03 | Val: 1.6689e-02 | Weights: pde=0.250  J2=0.250  J3=0.250  J4=0.250\n",
      "Iter   2000 | Train: 2.9518e-03 | Val: 1.2127e-02 | Weights: pde=0.250  J2=0.250  J3=0.250  J4=0.250\n",
      "Iter   2500 | Train: 2.5852e-03 | Val: 1.0018e-02 | Weights: pde=0.250  J2=0.250  J3=0.250  J4=0.250\n",
      "Iter   3000 | Train: 1.1756e-03 | Val: 8.3964e-03 | Weights: pde=0.221  J2=0.120  J3=0.317  J4=0.342\n",
      "Iter   3500 | Train: 1.0171e-03 | Val: 7.6637e-03 | Weights: pde=0.221  J2=0.120  J3=0.317  J4=0.342\n",
      "Iter   4000 | Train: 8.1269e-04 | Val: 6.9206e-03 | Weights: pde=0.080  J2=0.109  J3=0.131  J4=0.681\n",
      "Iter   4500 | Train: 6.9156e-04 | Val: 6.5060e-03 | Weights: pde=0.080  J2=0.109  J3=0.131  J4=0.681\n",
      "Iter   5000 | Train: 2.3585e-04 | Val: 5.9533e-03 | Weights: pde=0.162  J2=0.032  J3=0.063  J4=0.742\n",
      "Iter   5500 | Train: 2.3941e-04 | Val: 5.8989e-03 | Weights: pde=0.162  J2=0.032  J3=0.063  J4=0.742\n",
      "Iter   6000 | Train: 6.9457e-04 | Val: 5.6987e-03 | Weights: pde=0.077  J2=0.101  J3=0.479  J4=0.343\n",
      "Iter   6500 | Train: 5.6150e-04 | Val: 5.2934e-03 | Weights: pde=0.077  J2=0.101  J3=0.479  J4=0.343\n",
      "Iter   7000 | Train: 4.8982e-04 | Val: 4.9958e-03 | Weights: pde=0.280  J2=0.092  J3=0.064  J4=0.564\n",
      "Iter   7500 | Train: 4.3485e-04 | Val: 4.8337e-03 | Weights: pde=0.280  J2=0.092  J3=0.064  J4=0.564\n",
      "Iter   8000 | Train: 8.9617e-05 | Val: 4.7076e-03 | Weights: pde=0.039  J2=0.017  J3=0.135  J4=0.809\n",
      "Early stopping at epoch 8447\n",
      "Training with seed: 49\n",
      "Iter      0 | Train: 6.5679e-01 | Val: 2.4813e+00 | Weights: pde=0.250  J2=0.250  J3=0.250  J4=0.250\n",
      "Iter    500 | Train: 1.4066e-02 | Val: 5.4906e-02 | Weights: pde=0.250  J2=0.250  J3=0.250  J4=0.250\n",
      "Iter   1000 | Train: 7.7857e-03 | Val: 2.9860e-02 | Weights: pde=0.250  J2=0.250  J3=0.250  J4=0.250\n",
      "Iter   1500 | Train: 3.0982e-03 | Val: 1.2794e-02 | Weights: pde=0.250  J2=0.250  J3=0.250  J4=0.250\n",
      "Iter   2000 | Train: 2.0257e-03 | Val: 8.6175e-03 | Weights: pde=0.250  J2=0.250  J3=0.250  J4=0.250\n",
      "Iter   2500 | Train: 1.9049e-03 | Val: 7.3344e-03 | Weights: pde=0.250  J2=0.250  J3=0.250  J4=0.250\n",
      "Iter   3000 | Train: 2.3505e-04 | Val: 6.5414e-03 | Weights: pde=0.037  J2=0.034  J3=0.058  J4=0.872\n",
      "Iter   3500 | Train: 2.3622e-04 | Val: 6.4333e-03 | Weights: pde=0.037  J2=0.034  J3=0.058  J4=0.872\n",
      "Iter   4000 | Train: 4.1372e-04 | Val: 6.3056e-03 | Weights: pde=0.093  J2=0.060  J3=0.147  J4=0.700\n",
      "Iter   4500 | Train: 3.7755e-04 | Val: 6.1150e-03 | Weights: pde=0.093  J2=0.060  J3=0.147  J4=0.700\n",
      "Iter   5000 | Train: 3.7322e-04 | Val: 5.8810e-03 | Weights: pde=0.112  J2=0.063  J3=0.392  J4=0.433\n",
      "Iter   5500 | Train: 4.1901e-04 | Val: 5.6552e-03 | Weights: pde=0.112  J2=0.063  J3=0.392  J4=0.433\n",
      "Iter   6000 | Train: 2.3117e-04 | Val: 5.3529e-03 | Weights: pde=0.078  J2=0.040  J3=0.096  J4=0.785\n",
      "Iter   6500 | Train: 2.0117e-04 | Val: 5.2133e-03 | Weights: pde=0.078  J2=0.040  J3=0.096  J4=0.785\n",
      "Iter   7000 | Train: 4.0958e-04 | Val: 5.0335e-03 | Weights: pde=0.050  J2=0.075  J3=0.072  J4=0.803\n",
      "Iter   7500 | Train: 3.6509e-04 | Val: 4.5770e-03 | Weights: pde=0.050  J2=0.075  J3=0.072  J4=0.803\n",
      "Iter   8000 | Train: 7.2055e-05 | Val: 4.1034e-03 | Weights: pde=0.023  J2=0.016  J3=0.055  J4=0.905\n",
      "Iter   8500 | Train: 5.9685e-05 | Val: 4.0495e-03 | Weights: pde=0.023  J2=0.016  J3=0.055  J4=0.905\n",
      "Iter   9000 | Train: 2.0430e-04 | Val: 3.9776e-03 | Weights: pde=0.069  J2=0.053  J3=0.443  J4=0.435\n",
      "Iter   9500 | Train: 2.4666e-04 | Val: 3.7228e-03 | Weights: pde=0.069  J2=0.053  J3=0.443  J4=0.435\n",
      "Iter  10000 | Train: 1.8845e-04 | Val: 3.5619e-03 | Weights: pde=0.045  J2=0.048  J3=0.093  J4=0.814\n",
      "Iter  10500 | Train: 1.4972e-04 | Val: 3.4777e-03 | Weights: pde=0.045  J2=0.048  J3=0.093  J4=0.814\n",
      "Iter  11000 | Train: 5.0472e-05 | Val: 3.4049e-03 | Weights: pde=0.011  J2=0.012  J3=0.073  J4=0.903\n",
      "Iter  11500 | Train: 4.9124e-05 | Val: 3.3996e-03 | Weights: pde=0.011  J2=0.012  J3=0.073  J4=0.903\n",
      "Iter  12000 | Train: 2.1723e-04 | Val: 3.3785e-03 | Weights: pde=0.095  J2=0.068  J3=0.192  J4=0.646\n",
      "Iter  12500 | Train: 2.3866e-04 | Val: 3.3326e-03 | Weights: pde=0.095  J2=0.068  J3=0.192  J4=0.646\n",
      "Iter  13000 | Train: 2.3783e-04 | Val: 3.2757e-03 | Weights: pde=0.080  J2=0.061  J3=0.246  J4=0.614\n",
      "Iter  13500 | Train: 2.4228e-04 | Val: 3.2430e-03 | Weights: pde=0.080  J2=0.061  J3=0.246  J4=0.614\n",
      "Iter  14000 | Train: 1.1121e-04 | Val: 3.2047e-03 | Weights: pde=0.039  J2=0.037  J3=0.295  J4=0.628\n",
      "Iter  14500 | Train: 1.0812e-04 | Val: 3.1855e-03 | Weights: pde=0.039  J2=0.037  J3=0.295  J4=0.628\n",
      "Iter  15000 | Train: 2.0563e-04 | Val: 3.1709e-03 | Weights: pde=0.074  J2=0.052  J3=0.420  J4=0.453\n",
      "Iter  15500 | Train: 1.9695e-04 | Val: 3.1558e-03 | Weights: pde=0.074  J2=0.052  J3=0.420  J4=0.453\n",
      "Iter  16000 | Train: 2.0760e-05 | Val: 3.1362e-03 | Weights: pde=0.005  J2=0.006  J3=0.024  J4=0.966\n",
      "Early stopping at epoch 16490\n",
      "Training with seed: 50\n",
      "Iter      0 | Train: 3.6668e-01 | Val: 1.4394e+00 | Weights: pde=0.250  J2=0.250  J3=0.250  J4=0.250\n",
      "Iter    500 | Train: 1.5408e-02 | Val: 5.9592e-02 | Weights: pde=0.250  J2=0.250  J3=0.250  J4=0.250\n",
      "Iter   1000 | Train: 3.1084e-03 | Val: 1.2911e-02 | Weights: pde=0.250  J2=0.250  J3=0.250  J4=0.250\n",
      "Iter   1500 | Train: 2.2413e-03 | Val: 7.9852e-03 | Weights: pde=0.250  J2=0.250  J3=0.250  J4=0.250\n",
      "Iter   2000 | Train: 1.4245e-03 | Val: 6.5215e-03 | Weights: pde=0.250  J2=0.250  J3=0.250  J4=0.250\n",
      "Iter   2500 | Train: 1.5390e-03 | Val: 5.6467e-03 | Weights: pde=0.250  J2=0.250  J3=0.250  J4=0.250\n",
      "Iter   3000 | Train: 4.6362e-04 | Val: 4.9500e-03 | Weights: pde=0.056  J2=0.097  J3=0.440  J4=0.407\n",
      "Iter   3500 | Train: 4.1061e-04 | Val: 4.7439e-03 | Weights: pde=0.056  J2=0.097  J3=0.440  J4=0.407\n",
      "Iter   4000 | Train: 4.7620e-04 | Val: 4.4904e-03 | Weights: pde=0.161  J2=0.099  J3=0.068  J4=0.672\n",
      "Iter   4500 | Train: 3.9320e-04 | Val: 4.2989e-03 | Weights: pde=0.161  J2=0.099  J3=0.068  J4=0.672\n",
      "Iter   5000 | Train: 1.3563e-04 | Val: 4.0810e-03 | Weights: pde=0.053  J2=0.029  J3=0.390  J4=0.529\n",
      "Iter   5500 | Train: 1.4761e-04 | Val: 4.0305e-03 | Weights: pde=0.053  J2=0.029  J3=0.390  J4=0.529\n",
      "Iter   6000 | Train: 2.1108e-04 | Val: 3.8901e-03 | Weights: pde=0.095  J2=0.047  J3=0.180  J4=0.678\n",
      "Iter   6500 | Train: 1.5999e-04 | Val: 3.7885e-03 | Weights: pde=0.095  J2=0.047  J3=0.180  J4=0.678\n",
      "Iter   7000 | Train: 3.3208e-04 | Val: 3.6968e-03 | Weights: pde=0.085  J2=0.087  J3=0.204  J4=0.624\n",
      "Iter   7500 | Train: 3.0607e-04 | Val: 3.4841e-03 | Weights: pde=0.085  J2=0.087  J3=0.204  J4=0.624\n",
      "Iter   8000 | Train: 1.2373e-04 | Val: 3.2667e-03 | Weights: pde=0.022  J2=0.044  J3=0.018  J4=0.916\n",
      "Iter   8500 | Train: 1.3045e-04 | Val: 3.2368e-03 | Weights: pde=0.022  J2=0.044  J3=0.018  J4=0.916\n",
      "Iter   9000 | Train: 1.0072e-04 | Val: 3.1946e-03 | Weights: pde=0.048  J2=0.033  J3=0.358  J4=0.562\n",
      "Iter   9500 | Train: 1.0774e-04 | Val: 3.2018e-03 | Weights: pde=0.048  J2=0.033  J3=0.358  J4=0.562\n",
      "Iter  10000 | Train: 5.6484e-04 | Val: 3.1392e-03 | Weights: pde=0.143  J2=0.151  J3=0.253  J4=0.452\n",
      "Iter  10500 | Train: 4.8130e-04 | Val: 3.0320e-03 | Weights: pde=0.143  J2=0.151  J3=0.253  J4=0.452\n",
      "Iter  11000 | Train: 1.1100e-04 | Val: 2.9878e-03 | Weights: pde=0.025  J2=0.037  J3=0.195  J4=0.744\n",
      "Iter  11500 | Train: 9.6529e-05 | Val: 2.9713e-03 | Weights: pde=0.025  J2=0.037  J3=0.195  J4=0.744\n",
      "Iter  12000 | Train: 2.3924e-04 | Val: 2.9468e-03 | Weights: pde=0.118  J2=0.076  J3=0.238  J4=0.568\n",
      "Iter  12500 | Train: 2.1017e-04 | Val: 2.9353e-03 | Weights: pde=0.118  J2=0.076  J3=0.238  J4=0.568\n",
      "Iter  13000 | Train: 1.6544e-04 | Val: 2.9385e-03 | Weights: pde=0.057  J2=0.061  J3=0.144  J4=0.738\n",
      "Iter  13500 | Train: 2.0637e-04 | Val: 2.8852e-03 | Weights: pde=0.057  J2=0.061  J3=0.144  J4=0.738\n",
      "Iter  14000 | Train: 3.2257e-04 | Val: 2.8975e-03 | Weights: pde=0.094  J2=0.090  J3=0.295  J4=0.520\n",
      "Iter  14500 | Train: 2.8582e-04 | Val: 2.8448e-03 | Weights: pde=0.094  J2=0.090  J3=0.295  J4=0.520\n",
      "Iter  15000 | Train: 9.2879e-05 | Val: 2.8126e-03 | Weights: pde=0.031  J2=0.041  J3=0.144  J4=0.784\n",
      "Iter  15500 | Train: 1.1817e-04 | Val: 2.7982e-03 | Weights: pde=0.031  J2=0.041  J3=0.144  J4=0.784\n",
      "Iter  16000 | Train: 3.2098e-04 | Val: 2.8143e-03 | Weights: pde=0.157  J2=0.083  J3=0.354  J4=0.406\n",
      "Early stopping at epoch 16428\n",
      "Training with seed: 51\n",
      "Iter      0 | Train: 3.6336e-01 | Val: 1.4108e+00 | Weights: pde=0.250  J2=0.250  J3=0.250  J4=0.250\n",
      "Iter    500 | Train: 1.7285e-02 | Val: 7.4572e-02 | Weights: pde=0.250  J2=0.250  J3=0.250  J4=0.250\n",
      "Iter   1000 | Train: 2.9447e-03 | Val: 1.2306e-02 | Weights: pde=0.250  J2=0.250  J3=0.250  J4=0.250\n",
      "Iter   1500 | Train: 1.7620e-03 | Val: 8.3793e-03 | Weights: pde=0.250  J2=0.250  J3=0.250  J4=0.250\n",
      "Iter   2000 | Train: 1.4410e-03 | Val: 6.8659e-03 | Weights: pde=0.250  J2=0.250  J3=0.250  J4=0.250\n",
      "Iter   2500 | Train: 1.3359e-03 | Val: 5.6212e-03 | Weights: pde=0.250  J2=0.250  J3=0.250  J4=0.250\n",
      "Iter   3000 | Train: 5.1707e-04 | Val: 4.7703e-03 | Weights: pde=0.078  J2=0.113  J3=0.276  J4=0.533\n",
      "Iter   3500 | Train: 4.6553e-04 | Val: 4.3696e-03 | Weights: pde=0.078  J2=0.113  J3=0.276  J4=0.533\n",
      "Iter   4000 | Train: 1.9108e-04 | Val: 4.1267e-03 | Weights: pde=0.069  J2=0.056  J3=0.046  J4=0.829\n",
      "Iter   4500 | Train: 2.0994e-04 | Val: 3.9875e-03 | Weights: pde=0.069  J2=0.056  J3=0.046  J4=0.829\n",
      "Iter   5000 | Train: 2.8748e-04 | Val: 3.8644e-03 | Weights: pde=0.069  J2=0.089  J3=0.187  J4=0.656\n",
      "Iter   5500 | Train: 3.5565e-04 | Val: 3.7235e-03 | Weights: pde=0.069  J2=0.089  J3=0.187  J4=0.656\n",
      "Iter   6000 | Train: 4.5892e-04 | Val: 3.5894e-03 | Weights: pde=0.230  J2=0.132  J3=0.305  J4=0.333\n",
      "Iter   6500 | Train: 4.9737e-04 | Val: 3.5703e-03 | Weights: pde=0.230  J2=0.132  J3=0.305  J4=0.333\n",
      "Iter   7000 | Train: 8.8759e-05 | Val: 3.5364e-03 | Weights: pde=0.030  J2=0.028  J3=0.095  J4=0.848\n",
      "Iter   7500 | Train: 1.1172e-04 | Val: 3.4730e-03 | Weights: pde=0.030  J2=0.028  J3=0.095  J4=0.848\n",
      "Iter   8000 | Train: 3.3369e-04 | Val: 3.5247e-03 | Weights: pde=0.191  J2=0.129  J3=0.210  J4=0.470\n",
      "Iter   8500 | Train: 4.5311e-04 | Val: 3.3762e-03 | Weights: pde=0.191  J2=0.129  J3=0.210  J4=0.470\n",
      "Iter   9000 | Train: 1.9680e-04 | Val: 3.3483e-03 | Weights: pde=0.072  J2=0.069  J3=0.374  J4=0.485\n",
      "Iter   9500 | Train: 2.2310e-04 | Val: 3.3112e-03 | Weights: pde=0.072  J2=0.069  J3=0.374  J4=0.485\n",
      "Iter  10000 | Train: 1.5796e-04 | Val: 3.2567e-03 | Weights: pde=0.034  J2=0.055  J3=0.092  J4=0.819\n",
      "Iter  10500 | Train: 1.4456e-04 | Val: 3.2466e-03 | Weights: pde=0.034  J2=0.055  J3=0.092  J4=0.819\n",
      "Iter  11000 | Train: 1.4295e-04 | Val: 3.2375e-03 | Weights: pde=0.082  J2=0.039  J3=0.547  J4=0.333\n",
      "Iter  11500 | Train: 1.3832e-04 | Val: 3.2294e-03 | Weights: pde=0.082  J2=0.039  J3=0.547  J4=0.333\n",
      "Iter  12000 | Train: 2.5050e-04 | Val: 3.3092e-03 | Weights: pde=0.066  J2=0.063  J3=0.092  J4=0.779\n",
      "Iter  12500 | Train: 1.3499e-04 | Val: 3.1782e-03 | Weights: pde=0.066  J2=0.063  J3=0.092  J4=0.779\n",
      "Iter  13000 | Train: 1.6844e-04 | Val: 3.1657e-03 | Weights: pde=0.033  J2=0.058  J3=0.159  J4=0.749\n",
      "Iter  13500 | Train: 1.7264e-04 | Val: 3.1535e-03 | Weights: pde=0.033  J2=0.058  J3=0.159  J4=0.749\n",
      "Iter  14000 | Train: 1.8218e-04 | Val: 3.1225e-03 | Weights: pde=0.074  J2=0.052  J3=0.147  J4=0.727\n",
      "Iter  14500 | Train: 1.4513e-04 | Val: 3.0946e-03 | Weights: pde=0.074  J2=0.052  J3=0.147  J4=0.727\n",
      "Iter  15000 | Train: 3.3205e-04 | Val: 3.0990e-03 | Weights: pde=0.085  J2=0.121  J3=0.254  J4=0.540\n",
      "Iter  15500 | Train: 2.8899e-04 | Val: 3.0750e-03 | Weights: pde=0.085  J2=0.121  J3=0.254  J4=0.540\n",
      "Iter  16000 | Train: 2.2238e-04 | Val: 3.1038e-03 | Weights: pde=0.076  J2=0.084  J3=0.395  J4=0.445\n",
      "Iter  16500 | Train: 2.1648e-04 | Val: 3.0414e-03 | Weights: pde=0.076  J2=0.084  J3=0.395  J4=0.445\n",
      "Iter  17000 | Train: 1.7085e-04 | Val: 3.0408e-03 | Weights: pde=0.054  J2=0.073  J3=0.119  J4=0.755\n",
      "Iter  17500 | Train: 1.6520e-04 | Val: 3.0425e-03 | Weights: pde=0.054  J2=0.073  J3=0.119  J4=0.755\n",
      "Iter  18000 | Train: 2.1782e-04 | Val: 3.0410e-03 | Weights: pde=0.089  J2=0.088  J3=0.208  J4=0.615\n",
      "Iter  18500 | Train: 2.3650e-04 | Val: 3.0177e-03 | Weights: pde=0.089  J2=0.088  J3=0.208  J4=0.615\n",
      "Iter  19000 | Train: 1.9813e-04 | Val: 3.0093e-03 | Weights: pde=0.062  J2=0.059  J3=0.210  J4=0.669\n",
      "Iter  19500 | Train: 1.5212e-04 | Val: 3.0176e-03 | Weights: pde=0.062  J2=0.059  J3=0.210  J4=0.669\n",
      "Iter  20000 | Train: 2.5403e-04 | Val: 3.0029e-03 | Weights: pde=0.084  J2=0.082  J3=0.199  J4=0.635\n",
      "Early stopping at epoch 20044\n"
     ]
    }
   ],
   "source": [
    "seeds = range(42, 52)\n",
    "for seed in seeds:\n",
    "    print(\"Training with seed:\", seed)\n",
    "    model = BlackScholesSobolev(model_config, seed=seed)\n",
    "    model.set_params(K, r, sigma, T, S_min, S_max)\n",
    "\n",
    "    early_stopping = EarlyStopping(patience=500, min_delta=1e-7)\n",
    "    model.train(batch_size=4096, epochs=30000, early_stopping=early_stopping, anneal_freq=1000, alpha=0.9)\n",
    "    model.save(f'../../models/bs_sobolev_1d/{seed}.pth')"
   ]
  }
 ],
 "metadata": {
  "kernelspec": {
   "display_name": "M4R_venv (3.11.5)",
   "language": "python",
   "name": "python3"
  },
  "language_info": {
   "codemirror_mode": {
    "name": "ipython",
    "version": 3
   },
   "file_extension": ".py",
   "mimetype": "text/x-python",
   "name": "python",
   "nbconvert_exporter": "python",
   "pygments_lexer": "ipython3",
   "version": "3.11.5"
  }
 },
 "nbformat": 4,
 "nbformat_minor": 5
}
