{
 "cells": [
  {
   "cell_type": "code",
   "execution_count": 1,
   "id": "e967b010",
   "metadata": {},
   "outputs": [],
   "source": [
    "import torch.nn as nn\n",
    "\n",
    "from black_scholes.pinn.bs_pinn import BlackScholesPINN\n",
    "from utility.model import ModelConfig, EarlyStopping"
   ]
  },
  {
   "cell_type": "code",
   "execution_count": 2,
   "id": "208f193c",
   "metadata": {},
   "outputs": [],
   "source": [
    "# Parameters\n",
    "\n",
    "r = 0.1\n",
    "sigma = 0.3\n",
    "K = 1.0\n",
    "T = 1.0\n",
    "S_min = 0.0\n",
    "S_max = 3 * K"
   ]
  },
  {
   "cell_type": "code",
   "execution_count": 3,
   "id": "e1c8b895",
   "metadata": {},
   "outputs": [],
   "source": [
    "input_size = 2\n",
    "hidden_sizes = [32, 32, 32]\n",
    "output_size = 1\n",
    "activation = nn.Sigmoid()\n",
    "learning_rate = 0.001\n",
    "\n",
    "# Scheduler\n",
    "step_size = 2000\n",
    "gamma = 0.7\n",
    "\n",
    "model_config = ModelConfig(\n",
    "    input_size=input_size,\n",
    "    hidden_sizes=hidden_sizes,\n",
    "    output_size=output_size,\n",
    "    activation=activation,\n",
    "    learning_rate=learning_rate,\n",
    "    step_size=step_size,\n",
    "    gamma=gamma\n",
    ")\n",
    "\n",
    "# loss_weights = {\n",
    "#     'variational': 5,\n",
    "#     'terminal': 5,\n",
    "#     'Smax': 3,\n",
    "#     'Smin': 3\n",
    "# }"
   ]
  },
  {
   "cell_type": "code",
   "execution_count": 4,
   "id": "2efc7ced",
   "metadata": {},
   "outputs": [
    {
     "name": "stdout",
     "output_type": "stream",
     "text": [
      "Training with seed: 0\n",
      "Iter      0 | Train: 2.6685e-01 | Val: 9.9483e-01 | Weights: variational=0.250  terminal=0.250  Smin=0.250  Smax=0.250\n",
      "Iter    500 | Train: 3.0106e-03 | Val: 1.1835e-02 | Weights: variational=0.250  terminal=0.250  Smin=0.250  Smax=0.250\n",
      "Iter   1000 | Train: 1.1032e-03 | Val: 4.4745e-03 | Weights: variational=0.250  terminal=0.250  Smin=0.250  Smax=0.250\n",
      "Iter   1500 | Train: 7.7539e-04 | Val: 3.0707e-03 | Weights: variational=0.250  terminal=0.250  Smin=0.250  Smax=0.250\n",
      "Iter   2000 | Train: 2.6524e-04 | Val: 1.0274e-03 | Weights: variational=0.250  terminal=0.250  Smin=0.250  Smax=0.250\n",
      "Iter   2500 | Train: 1.1969e-04 | Val: 5.1126e-04 | Weights: variational=0.210  terminal=0.229  Smin=0.303  Smax=0.258\n",
      "Iter   3000 | Train: 8.9316e-05 | Val: 3.6847e-04 | Weights: variational=0.240  terminal=0.244  Smin=0.256  Smax=0.261\n",
      "Iter   3500 | Train: 6.9465e-05 | Val: 2.7726e-04 | Weights: variational=0.445  terminal=0.189  Smin=0.131  Smax=0.236\n",
      "Iter   4000 | Train: 7.0349e-05 | Val: 2.2086e-04 | Weights: variational=0.240  terminal=0.373  Smin=0.109  Smax=0.279\n",
      "Iter   4500 | Train: 5.2865e-05 | Val: 1.7237e-04 | Weights: variational=0.172  terminal=0.376  Smin=0.153  Smax=0.299\n",
      "Iter   5000 | Train: 4.4588e-05 | Val: 1.4808e-04 | Weights: variational=0.155  terminal=0.413  Smin=0.170  Smax=0.262\n",
      "Iter   5500 | Train: 2.7726e-05 | Val: 1.3442e-04 | Weights: variational=0.108  terminal=0.297  Smin=0.440  Smax=0.154\n",
      "Iter   6000 | Train: 1.5218e-05 | Val: 1.2378e-04 | Weights: variational=0.053  terminal=0.182  Smin=0.701  Smax=0.064\n",
      "Iter   6500 | Train: 3.2305e-05 | Val: 1.2029e-04 | Weights: variational=0.188  terminal=0.357  Smin=0.280  Smax=0.175\n",
      "Iter   7000 | Train: 1.2207e-05 | Val: 1.0675e-04 | Weights: variational=0.079  terminal=0.138  Smin=0.694  Smax=0.089\n",
      "Iter   7500 | Train: 2.2076e-05 | Val: 1.0179e-04 | Weights: variational=0.210  terminal=0.224  Smin=0.169  Smax=0.397\n",
      "Iter   8000 | Train: 1.6515e-05 | Val: 9.2211e-05 | Weights: variational=0.072  terminal=0.257  Smin=0.161  Smax=0.510\n",
      "Iter   8500 | Train: 8.7327e-06 | Val: 9.1993e-05 | Weights: variational=0.135  terminal=0.052  Smin=0.639  Smax=0.174\n",
      "Iter   9000 | Train: 2.0781e-05 | Val: 8.8404e-05 | Weights: variational=0.350  terminal=0.178  Smin=0.031  Smax=0.440\n",
      "Iter   9500 | Train: 2.7303e-05 | Val: 8.4583e-05 | Weights: variational=0.410  terminal=0.292  Smin=0.210  Smax=0.087\n",
      "Iter  10000 | Train: 9.8368e-06 | Val: 7.6729e-05 | Weights: variational=0.167  terminal=0.110  Smin=0.434  Smax=0.289\n",
      "Iter  10500 | Train: 1.8167e-05 | Val: 7.4812e-05 | Weights: variational=0.365  terminal=0.210  Smin=0.244  Smax=0.181\n",
      "Iter  11000 | Train: 1.0618e-05 | Val: 7.2250e-05 | Weights: variational=0.139  terminal=0.154  Smin=0.187  Smax=0.520\n",
      "Iter  11500 | Train: 7.3504e-06 | Val: 6.7642e-05 | Weights: variational=0.162  terminal=0.076  Smin=0.355  Smax=0.406\n",
      "Iter  12000 | Train: 3.9061e-06 | Val: 6.7106e-05 | Weights: variational=0.032  terminal=0.066  Smin=0.192  Smax=0.710\n",
      "Iter  12500 | Train: 1.1658e-05 | Val: 6.5048e-05 | Weights: variational=0.344  terminal=0.072  Smin=0.249  Smax=0.335\n",
      "Early stopping at epoch 12960\n",
      "Training with seed: 1\n",
      "Iter      0 | Train: 1.7379e-01 | Val: 6.8600e-01 | Weights: variational=0.250  terminal=0.250  Smin=0.250  Smax=0.250\n",
      "Iter    500 | Train: 3.5770e-03 | Val: 1.4649e-02 | Weights: variational=0.250  terminal=0.250  Smin=0.250  Smax=0.250\n",
      "Iter   1000 | Train: 6.2046e-04 | Val: 2.6409e-03 | Weights: variational=0.250  terminal=0.250  Smin=0.250  Smax=0.250\n",
      "Iter   1500 | Train: 3.2649e-04 | Val: 1.3540e-03 | Weights: variational=0.250  terminal=0.250  Smin=0.250  Smax=0.250\n",
      "Iter   2000 | Train: 2.1797e-04 | Val: 9.0070e-04 | Weights: variational=0.250  terminal=0.250  Smin=0.250  Smax=0.250\n",
      "Iter   2500 | Train: 2.6272e-04 | Val: 7.1680e-04 | Weights: variational=0.197  terminal=0.499  Smin=0.147  Smax=0.157\n",
      "Iter   3000 | Train: 1.6464e-04 | Val: 4.7342e-04 | Weights: variational=0.164  terminal=0.526  Smin=0.190  Smax=0.121\n",
      "Iter   3500 | Train: 2.0490e-05 | Val: 3.4432e-04 | Weights: variational=0.065  terminal=0.061  Smin=0.242  Smax=0.632\n",
      "Iter   4000 | Train: 3.9870e-05 | Val: 2.6545e-04 | Weights: variational=0.037  terminal=0.244  Smin=0.172  Smax=0.547\n",
      "Iter   4500 | Train: 7.9889e-05 | Val: 2.5319e-04 | Weights: variational=0.212  terminal=0.427  Smin=0.147  Smax=0.214\n",
      "Iter   5000 | Train: 3.7224e-05 | Val: 2.2777e-04 | Weights: variational=0.143  terminal=0.178  Smin=0.127  Smax=0.552\n",
      "Iter   5500 | Train: 2.2014e-05 | Val: 2.1529e-04 | Weights: variational=0.043  terminal=0.144  Smin=0.053  Smax=0.760\n",
      "Iter   6000 | Train: 5.7667e-05 | Val: 2.1469e-04 | Weights: variational=0.186  terminal=0.364  Smin=0.290  Smax=0.160\n",
      "Iter   6500 | Train: 1.9660e-05 | Val: 2.0730e-04 | Weights: variational=0.052  terminal=0.137  Smin=0.668  Smax=0.142\n",
      "Iter   7000 | Train: 1.4788e-06 | Val: 1.9263e-04 | Weights: variational=0.004  terminal=0.010  Smin=0.004  Smax=0.982\n",
      "Iter   7500 | Train: 7.1392e-05 | Val: 1.9282e-04 | Weights: variational=0.200  terminal=0.545  Smin=0.202  Smax=0.053\n",
      "Iter   8000 | Train: 2.2951e-05 | Val: 1.7214e-04 | Weights: variational=0.085  terminal=0.190  Smin=0.089  Smax=0.635\n",
      "Iter   8500 | Train: 4.1615e-05 | Val: 1.6323e-04 | Weights: variational=0.151  terminal=0.368  Smin=0.203  Smax=0.279\n",
      "Iter   9000 | Train: 3.9878e-05 | Val: 1.5273e-04 | Weights: variational=0.110  terminal=0.475  Smin=0.232  Smax=0.183\n",
      "Iter   9500 | Train: 3.0645e-05 | Val: 1.3702e-04 | Weights: variational=0.090  terminal=0.444  Smin=0.149  Smax=0.317\n",
      "Iter  10000 | Train: 1.8990e-05 | Val: 1.2886e-04 | Weights: variational=0.153  terminal=0.130  Smin=0.164  Smax=0.554\n",
      "Iter  10500 | Train: 2.2232e-05 | Val: 1.1307e-04 | Weights: variational=0.248  terminal=0.133  Smin=0.253  Smax=0.366\n",
      "Iter  11000 | Train: 1.4890e-05 | Val: 1.0436e-04 | Weights: variational=0.143  terminal=0.148  Smin=0.575  Smax=0.134\n",
      "Iter  11500 | Train: 9.7704e-06 | Val: 9.7895e-05 | Weights: variational=0.115  terminal=0.100  Smin=0.097  Smax=0.688\n",
      "Iter  12000 | Train: 1.8259e-05 | Val: 9.2607e-05 | Weights: variational=0.148  terminal=0.231  Smin=0.293  Smax=0.328\n",
      "Iter  12500 | Train: 1.4369e-05 | Val: 8.8962e-05 | Weights: variational=0.102  terminal=0.230  Smin=0.366  Smax=0.302\n",
      "Iter  13000 | Train: 1.0954e-05 | Val: 8.7803e-05 | Weights: variational=0.045  terminal=0.263  Smin=0.444  Smax=0.248\n",
      "Early stopping at epoch 13488\n",
      "Training with seed: 2\n",
      "Iter      0 | Train: 3.4302e-01 | Val: 1.2886e+00 | Weights: variational=0.250  terminal=0.250  Smin=0.250  Smax=0.250\n",
      "Iter    500 | Train: 2.4432e-03 | Val: 9.8158e-03 | Weights: variational=0.250  terminal=0.250  Smin=0.250  Smax=0.250\n",
      "Iter   1000 | Train: 1.0117e-03 | Val: 4.1327e-03 | Weights: variational=0.250  terminal=0.250  Smin=0.250  Smax=0.250\n",
      "Iter   1500 | Train: 6.8110e-04 | Val: 2.7409e-03 | Weights: variational=0.250  terminal=0.250  Smin=0.250  Smax=0.250\n",
      "Iter   2000 | Train: 3.2716e-04 | Val: 1.2966e-03 | Weights: variational=0.250  terminal=0.250  Smin=0.250  Smax=0.250\n",
      "Iter   2500 | Train: 6.7702e-05 | Val: 5.8065e-04 | Weights: variational=0.124  terminal=0.112  Smin=0.173  Smax=0.590\n",
      "Iter   3000 | Train: 6.5161e-05 | Val: 4.6850e-04 | Weights: variational=0.148  terminal=0.141  Smin=0.204  Smax=0.507\n",
      "Iter   3500 | Train: 7.1612e-05 | Val: 3.6939e-04 | Weights: variational=0.180  terminal=0.197  Smin=0.218  Smax=0.405\n",
      "Iter   4000 | Train: 1.1946e-04 | Val: 2.6211e-04 | Weights: variational=0.167  terminal=0.538  Smin=0.114  Smax=0.181\n",
      "Iter   4500 | Train: 5.3953e-05 | Val: 1.6810e-04 | Weights: variational=0.210  terminal=0.420  Smin=0.198  Smax=0.172\n",
      "Iter   5000 | Train: 2.0530e-05 | Val: 1.2453e-04 | Weights: variational=0.125  terminal=0.183  Smin=0.144  Smax=0.548\n",
      "Iter   5500 | Train: 8.6528e-06 | Val: 1.1464e-04 | Weights: variational=0.056  terminal=0.086  Smin=0.092  Smax=0.766\n",
      "Iter   6000 | Train: 8.3216e-06 | Val: 1.1101e-04 | Weights: variational=0.063  terminal=0.094  Smin=0.160  Smax=0.683\n",
      "Iter   6500 | Train: 9.4005e-06 | Val: 1.0819e-04 | Weights: variational=0.073  terminal=0.103  Smin=0.219  Smax=0.605\n",
      "Iter   7000 | Train: 1.0694e-05 | Val: 1.0469e-04 | Weights: variational=0.081  terminal=0.110  Smin=0.266  Smax=0.543\n",
      "Iter   7500 | Train: 3.8689e-06 | Val: 1.0082e-04 | Weights: variational=0.038  terminal=0.044  Smin=0.244  Smax=0.673\n",
      "Iter   8000 | Train: 3.7083e-06 | Val: 9.8596e-05 | Weights: variational=0.038  terminal=0.036  Smin=0.650  Smax=0.276\n",
      "Iter   8500 | Train: 1.4787e-05 | Val: 9.6937e-05 | Weights: variational=0.165  terminal=0.138  Smin=0.253  Smax=0.444\n",
      "Iter   9000 | Train: 7.3146e-06 | Val: 9.1628e-05 | Weights: variational=0.094  terminal=0.062  Smin=0.682  Smax=0.162\n",
      "Iter   9500 | Train: 1.8944e-05 | Val: 9.0205e-05 | Weights: variational=0.347  terminal=0.113  Smin=0.307  Smax=0.233\n",
      "Early stopping at epoch 9963\n",
      "Training with seed: 3\n",
      "Iter      0 | Train: 2.5146e-01 | Val: 9.4383e-01 | Weights: variational=0.250  terminal=0.250  Smin=0.250  Smax=0.250\n",
      "Iter    500 | Train: 3.3159e-03 | Val: 1.3651e-02 | Weights: variational=0.250  terminal=0.250  Smin=0.250  Smax=0.250\n",
      "Iter   1000 | Train: 1.1997e-03 | Val: 4.9629e-03 | Weights: variational=0.250  terminal=0.250  Smin=0.250  Smax=0.250\n",
      "Iter   1500 | Train: 8.6674e-04 | Val: 3.4695e-03 | Weights: variational=0.250  terminal=0.250  Smin=0.250  Smax=0.250\n",
      "Iter   2000 | Train: 3.2334e-04 | Val: 1.2690e-03 | Weights: variational=0.250  terminal=0.250  Smin=0.250  Smax=0.250\n",
      "Iter   2500 | Train: 1.5734e-04 | Val: 7.0584e-04 | Weights: variational=0.070  terminal=0.261  Smin=0.576  Smax=0.093\n",
      "Iter   3000 | Train: 1.0041e-04 | Val: 5.2727e-04 | Weights: variational=0.123  terminal=0.219  Smin=0.563  Smax=0.095\n",
      "Iter   3500 | Train: 9.8543e-05 | Val: 4.1153e-04 | Weights: variational=0.140  terminal=0.275  Smin=0.483  Smax=0.102\n",
      "Iter   4000 | Train: 8.9022e-05 | Val: 3.2086e-04 | Weights: variational=0.596  terminal=0.182  Smin=0.147  Smax=0.075\n",
      "Iter   4500 | Train: 6.2221e-05 | Val: 2.7240e-04 | Weights: variational=0.502  terminal=0.198  Smin=0.088  Smax=0.213\n",
      "Iter   5000 | Train: 5.4065e-05 | Val: 2.2383e-04 | Weights: variational=0.404  terminal=0.202  Smin=0.049  Smax=0.345\n",
      "Iter   5500 | Train: 6.6926e-05 | Val: 1.8375e-04 | Weights: variational=0.206  terminal=0.425  Smin=0.110  Smax=0.260\n",
      "Iter   6000 | Train: 3.2681e-05 | Val: 1.3621e-04 | Weights: variational=0.133  terminal=0.303  Smin=0.197  Smax=0.367\n",
      "Iter   6500 | Train: 9.4068e-06 | Val: 1.1932e-04 | Weights: variational=0.051  terminal=0.105  Smin=0.072  Smax=0.772\n",
      "Iter   7000 | Train: 4.5486e-05 | Val: 1.1355e-04 | Weights: variational=0.114  terminal=0.576  Smin=0.198  Smax=0.112\n",
      "Iter   7500 | Train: 1.8815e-05 | Val: 1.0190e-04 | Weights: variational=0.224  terminal=0.132  Smin=0.137  Smax=0.507\n",
      "Iter   8000 | Train: 1.4695e-05 | Val: 8.5603e-05 | Weights: variational=0.225  terminal=0.114  Smin=0.365  Smax=0.296\n",
      "Iter   8500 | Train: 2.7144e-05 | Val: 8.1320e-05 | Weights: variational=0.563  terminal=0.243  Smin=0.105  Smax=0.089\n",
      "Iter   9000 | Train: 1.1043e-05 | Val: 7.1796e-05 | Weights: variational=0.196  terminal=0.117  Smin=0.582  Smax=0.104\n",
      "Iter   9500 | Train: 2.9703e-05 | Val: 6.7990e-05 | Weights: variational=0.268  terminal=0.534  Smin=0.057  Smax=0.142\n",
      "Iter  10000 | Train: 1.6714e-05 | Val: 5.9819e-05 | Weights: variational=0.151  terminal=0.318  Smin=0.171  Smax=0.360\n",
      "Iter  10500 | Train: 3.2703e-05 | Val: 5.7227e-05 | Weights: variational=0.100  terminal=0.811  Smin=0.045  Smax=0.044\n",
      "Early stopping at epoch 10984\n",
      "Training with seed: 4\n",
      "Iter      0 | Train: 5.5267e-01 | Val: 2.0643e+00 | Weights: variational=0.250  terminal=0.250  Smin=0.250  Smax=0.250\n",
      "Iter    500 | Train: 3.7008e-03 | Val: 1.4671e-02 | Weights: variational=0.250  terminal=0.250  Smin=0.250  Smax=0.250\n",
      "Iter   1000 | Train: 1.0108e-03 | Val: 4.0336e-03 | Weights: variational=0.250  terminal=0.250  Smin=0.250  Smax=0.250\n",
      "Iter   1500 | Train: 7.5540e-04 | Val: 2.9887e-03 | Weights: variational=0.250  terminal=0.250  Smin=0.250  Smax=0.250\n",
      "Iter   2000 | Train: 5.0553e-04 | Val: 2.0536e-03 | Weights: variational=0.250  terminal=0.250  Smin=0.250  Smax=0.250\n",
      "Iter   2500 | Train: 3.1751e-04 | Val: 1.4566e-03 | Weights: variational=0.230  terminal=0.207  Smin=0.351  Smax=0.213\n",
      "Iter   3000 | Train: 1.3088e-04 | Val: 1.0517e-03 | Weights: variational=0.198  terminal=0.121  Smin=0.544  Smax=0.137\n",
      "Iter   3500 | Train: 9.6449e-05 | Val: 8.5549e-04 | Weights: variational=0.203  terminal=0.107  Smin=0.559  Smax=0.131\n",
      "Iter   4000 | Train: 8.4065e-05 | Val: 6.9168e-04 | Weights: variational=0.276  terminal=0.105  Smin=0.467  Smax=0.152\n",
      "Iter   4500 | Train: 7.0332e-05 | Val: 5.7977e-04 | Weights: variational=0.290  terminal=0.104  Smin=0.444  Smax=0.162\n",
      "Iter   5000 | Train: 5.5464e-05 | Val: 4.6074e-04 | Weights: variational=0.301  terminal=0.097  Smin=0.365  Smax=0.236\n",
      "Iter   5500 | Train: 3.3768e-05 | Val: 3.5660e-04 | Weights: variational=0.177  terminal=0.078  Smin=0.214  Smax=0.531\n",
      "Iter   6000 | Train: 7.1756e-05 | Val: 2.9373e-04 | Weights: variational=0.145  terminal=0.268  Smin=0.274  Smax=0.312\n",
      "Iter   6500 | Train: 4.6045e-05 | Val: 2.3111e-04 | Weights: variational=0.172  terminal=0.205  Smin=0.417  Smax=0.205\n",
      "Iter   7000 | Train: 1.7712e-05 | Val: 2.0209e-04 | Weights: variational=0.117  terminal=0.079  Smin=0.730  Smax=0.074\n",
      "Iter   7500 | Train: 4.3229e-05 | Val: 1.9153e-04 | Weights: variational=0.300  terminal=0.211  Smin=0.362  Smax=0.127\n",
      "Iter   8000 | Train: 1.9948e-05 | Val: 1.6945e-04 | Weights: variational=0.352  terminal=0.071  Smin=0.503  Smax=0.074\n",
      "Early stopping at epoch 8499\n",
      "Training with seed: 5\n",
      "Iter      0 | Train: 4.2278e-01 | Val: 1.5773e+00 | Weights: variational=0.250  terminal=0.250  Smin=0.250  Smax=0.250\n",
      "Iter    500 | Train: 2.9785e-03 | Val: 1.1555e-02 | Weights: variational=0.250  terminal=0.250  Smin=0.250  Smax=0.250\n",
      "Iter   1000 | Train: 1.0270e-03 | Val: 3.9879e-03 | Weights: variational=0.250  terminal=0.250  Smin=0.250  Smax=0.250\n",
      "Iter   1500 | Train: 7.2846e-04 | Val: 2.8283e-03 | Weights: variational=0.250  terminal=0.250  Smin=0.250  Smax=0.250\n",
      "Iter   2000 | Train: 4.3487e-04 | Val: 1.6812e-03 | Weights: variational=0.250  terminal=0.250  Smin=0.250  Smax=0.250\n",
      "Iter   2500 | Train: 1.5279e-04 | Val: 9.4499e-04 | Weights: variational=0.188  terminal=0.151  Smin=0.493  Smax=0.168\n",
      "Iter   3000 | Train: 9.8994e-05 | Val: 6.3602e-04 | Weights: variational=0.185  terminal=0.139  Smin=0.461  Smax=0.214\n",
      "Iter   3500 | Train: 7.8063e-05 | Val: 4.9912e-04 | Weights: variational=0.186  terminal=0.141  Smin=0.400  Smax=0.273\n",
      "Iter   4000 | Train: 8.7312e-05 | Val: 4.0800e-04 | Weights: variational=0.218  terminal=0.198  Smin=0.306  Smax=0.278\n",
      "Iter   4500 | Train: 8.4742e-05 | Val: 3.2815e-04 | Weights: variational=0.248  terminal=0.235  Smin=0.282  Smax=0.235\n",
      "Iter   5000 | Train: 8.7052e-05 | Val: 2.4086e-04 | Weights: variational=0.234  terminal=0.389  Smin=0.203  Smax=0.174\n",
      "Iter   5500 | Train: 6.6417e-05 | Val: 1.5670e-04 | Weights: variational=0.161  terminal=0.501  Smin=0.254  Smax=0.084\n",
      "Iter   6000 | Train: 2.5554e-05 | Val: 1.1741e-04 | Weights: variational=0.085  terminal=0.300  Smin=0.404  Smax=0.211\n",
      "Iter   6500 | Train: 1.1179e-05 | Val: 1.1100e-04 | Weights: variational=0.089  terminal=0.096  Smin=0.194  Smax=0.621\n",
      "Iter   7000 | Train: 1.8054e-05 | Val: 1.0708e-04 | Weights: variational=0.083  terminal=0.212  Smin=0.408  Smax=0.297\n",
      "Iter   7500 | Train: 2.7876e-05 | Val: 1.0460e-04 | Weights: variational=0.044  terminal=0.450  Smin=0.044  Smax=0.462\n",
      "Early stopping at epoch 7974\n",
      "Training with seed: 6\n",
      "Iter      0 | Train: 1.7056e-01 | Val: 6.8231e-01 | Weights: variational=0.250  terminal=0.250  Smin=0.250  Smax=0.250\n",
      "Iter    500 | Train: 2.5073e-03 | Val: 1.0499e-02 | Weights: variational=0.250  terminal=0.250  Smin=0.250  Smax=0.250\n",
      "Iter   1000 | Train: 1.0940e-03 | Val: 4.5104e-03 | Weights: variational=0.250  terminal=0.250  Smin=0.250  Smax=0.250\n",
      "Iter   1500 | Train: 2.4272e-04 | Val: 1.0073e-03 | Weights: variational=0.250  terminal=0.250  Smin=0.250  Smax=0.250\n",
      "Iter   2000 | Train: 7.5489e-05 | Val: 3.1218e-04 | Weights: variational=0.250  terminal=0.250  Smin=0.250  Smax=0.250\n",
      "Iter   2500 | Train: 4.4750e-05 | Val: 1.9826e-04 | Weights: variational=0.206  terminal=0.261  Smin=0.387  Smax=0.146\n",
      "Iter   3000 | Train: 2.0342e-05 | Val: 1.4301e-04 | Weights: variational=0.165  terminal=0.137  Smin=0.591  Smax=0.106\n",
      "Iter   3500 | Train: 3.2036e-06 | Val: 1.4041e-04 | Weights: variational=0.062  terminal=0.008  Smin=0.006  Smax=0.924\n",
      "Early stopping at epoch 3993\n",
      "Training with seed: 7\n",
      "Iter      0 | Train: 2.1247e-01 | Val: 8.0275e-01 | Weights: variational=0.250  terminal=0.250  Smin=0.250  Smax=0.250\n",
      "Iter    500 | Train: 3.6288e-03 | Val: 1.4337e-02 | Weights: variational=0.250  terminal=0.250  Smin=0.250  Smax=0.250\n",
      "Iter   1000 | Train: 1.0371e-03 | Val: 4.2342e-03 | Weights: variational=0.250  terminal=0.250  Smin=0.250  Smax=0.250\n",
      "Iter   1500 | Train: 3.5736e-04 | Val: 1.4393e-03 | Weights: variational=0.250  terminal=0.250  Smin=0.250  Smax=0.250\n",
      "Iter   2000 | Train: 1.4779e-04 | Val: 5.7979e-04 | Weights: variational=0.250  terminal=0.250  Smin=0.250  Smax=0.250\n",
      "Iter   2500 | Train: 1.1196e-04 | Val: 3.8444e-04 | Weights: variational=0.192  terminal=0.352  Smin=0.317  Smax=0.139\n",
      "Iter   3000 | Train: 4.5531e-05 | Val: 2.8424e-04 | Weights: variational=0.071  terminal=0.247  Smin=0.612  Smax=0.070\n",
      "Iter   3500 | Train: 5.5303e-05 | Val: 2.5338e-04 | Weights: variational=0.138  terminal=0.296  Smin=0.426  Smax=0.140\n",
      "Iter   4000 | Train: 6.9302e-05 | Val: 2.1022e-04 | Weights: variational=0.090  terminal=0.563  Smin=0.209  Smax=0.139\n",
      "Iter   4500 | Train: 1.5775e-05 | Val: 1.9840e-04 | Weights: variational=0.051  terminal=0.118  Smin=0.072  Smax=0.759\n",
      "Iter   5000 | Train: 4.7688e-05 | Val: 1.8054e-04 | Weights: variational=0.155  terminal=0.373  Smin=0.231  Smax=0.241\n",
      "Iter   5500 | Train: 2.0947e-05 | Val: 1.6909e-04 | Weights: variational=0.066  terminal=0.198  Smin=0.613  Smax=0.124\n",
      "Iter   6000 | Train: 2.5737e-05 | Val: 1.6306e-04 | Weights: variational=0.198  terminal=0.123  Smin=0.058  Smax=0.621\n",
      "Iter   6500 | Train: 2.8630e-05 | Val: 1.4636e-04 | Weights: variational=0.203  terminal=0.176  Smin=0.285  Smax=0.336\n",
      "Iter   7000 | Train: 3.0581e-05 | Val: 1.3591e-04 | Weights: variational=0.160  terminal=0.280  Smin=0.272  Smax=0.289\n",
      "Iter   7500 | Train: 2.8985e-05 | Val: 1.2719e-04 | Weights: variational=0.299  terminal=0.179  Smin=0.167  Smax=0.354\n",
      "Iter   8000 | Train: 4.3115e-05 | Val: 1.1531e-04 | Weights: variational=0.058  terminal=0.621  Smin=0.267  Smax=0.054\n",
      "Early stopping at epoch 8488\n",
      "Training with seed: 8\n",
      "Iter      0 | Train: 7.7782e-01 | Val: 2.9189e+00 | Weights: variational=0.250  terminal=0.250  Smin=0.250  Smax=0.250\n",
      "Iter    500 | Train: 5.2931e-03 | Val: 2.0341e-02 | Weights: variational=0.250  terminal=0.250  Smin=0.250  Smax=0.250\n",
      "Iter   1000 | Train: 1.0301e-03 | Val: 3.9371e-03 | Weights: variational=0.250  terminal=0.250  Smin=0.250  Smax=0.250\n",
      "Iter   1500 | Train: 7.0091e-04 | Val: 2.7138e-03 | Weights: variational=0.250  terminal=0.250  Smin=0.250  Smax=0.250\n",
      "Iter   2000 | Train: 4.6611e-04 | Val: 1.7798e-03 | Weights: variational=0.250  terminal=0.250  Smin=0.250  Smax=0.250\n",
      "Iter   2500 | Train: 1.4227e-04 | Val: 1.1557e-03 | Weights: variational=0.147  terminal=0.116  Smin=0.612  Smax=0.124\n",
      "Iter   3000 | Train: 9.1532e-05 | Val: 8.6780e-04 | Weights: variational=0.150  terminal=0.097  Smin=0.636  Smax=0.117\n",
      "Iter   3500 | Train: 6.5514e-05 | Val: 6.6086e-04 | Weights: variational=0.172  terminal=0.083  Smin=0.565  Smax=0.179\n",
      "Iter   4000 | Train: 5.8113e-05 | Val: 5.3773e-04 | Weights: variational=0.173  terminal=0.090  Smin=0.394  Smax=0.343\n",
      "Iter   4500 | Train: 7.0168e-05 | Val: 4.7407e-04 | Weights: variational=0.196  terminal=0.132  Smin=0.358  Smax=0.315\n",
      "Iter   5000 | Train: 8.0243e-05 | Val: 4.0617e-04 | Weights: variational=0.206  terminal=0.177  Smin=0.334  Smax=0.283\n",
      "Iter   5500 | Train: 1.5921e-04 | Val: 3.3324e-04 | Weights: variational=0.136  terminal=0.569  Smin=0.164  Smax=0.131\n",
      "Iter   6000 | Train: 6.9715e-05 | Val: 2.1880e-04 | Weights: variational=0.486  terminal=0.287  Smin=0.139  Smax=0.088\n",
      "Iter   6500 | Train: 5.3027e-05 | Val: 1.6155e-04 | Weights: variational=0.453  terminal=0.298  Smin=0.140  Smax=0.108\n",
      "Iter   7000 | Train: 2.6698e-05 | Val: 1.2639e-04 | Weights: variational=0.330  terminal=0.182  Smin=0.383  Smax=0.105\n",
      "Iter   7500 | Train: 2.5301e-05 | Val: 1.0990e-04 | Weights: variational=0.345  terminal=0.184  Smin=0.329  Smax=0.143\n",
      "Iter   8000 | Train: 2.8113e-06 | Val: 9.7558e-05 | Weights: variational=0.066  terminal=0.010  Smin=0.896  Smax=0.027\n",
      "Iter   8500 | Train: 2.2230e-05 | Val: 1.0329e-04 | Weights: variational=0.402  terminal=0.152  Smin=0.388  Smax=0.058\n",
      "Early stopping at epoch 8501\n",
      "Training with seed: 9\n",
      "Iter      0 | Train: 2.6118e-01 | Val: 9.7800e-01 | Weights: variational=0.250  terminal=0.250  Smin=0.250  Smax=0.250\n",
      "Iter    500 | Train: 3.4042e-03 | Val: 1.3067e-02 | Weights: variational=0.250  terminal=0.250  Smin=0.250  Smax=0.250\n",
      "Iter   1000 | Train: 1.1614e-03 | Val: 4.5800e-03 | Weights: variational=0.250  terminal=0.250  Smin=0.250  Smax=0.250\n",
      "Iter   1500 | Train: 6.4324e-04 | Val: 2.5775e-03 | Weights: variational=0.250  terminal=0.250  Smin=0.250  Smax=0.250\n",
      "Iter   2000 | Train: 1.5112e-04 | Val: 6.1532e-04 | Weights: variational=0.250  terminal=0.250  Smin=0.250  Smax=0.250\n",
      "Iter   2500 | Train: 4.7701e-05 | Val: 2.9360e-04 | Weights: variational=0.158  terminal=0.158  Smin=0.337  Smax=0.347\n",
      "Iter   3000 | Train: 6.4325e-05 | Val: 2.1286e-04 | Weights: variational=0.471  terminal=0.246  Smin=0.154  Smax=0.129\n",
      "Iter   3500 | Train: 8.4020e-05 | Val: 1.6158e-04 | Weights: variational=0.171  terminal=0.592  Smin=0.126  Smax=0.110\n",
      "Iter   4000 | Train: 3.6553e-05 | Val: 1.3233e-04 | Weights: variational=0.154  terminal=0.367  Smin=0.303  Smax=0.176\n",
      "Iter   4500 | Train: 2.9316e-05 | Val: 1.1920e-04 | Weights: variational=0.145  terminal=0.352  Smin=0.331  Smax=0.173\n",
      "Iter   5000 | Train: 2.5701e-05 | Val: 1.1006e-04 | Weights: variational=0.149  terminal=0.313  Smin=0.352  Smax=0.186\n",
      "Iter   5500 | Train: 2.0872e-05 | Val: 1.0306e-04 | Weights: variational=0.063  terminal=0.330  Smin=0.457  Smax=0.151\n",
      "Iter   6000 | Train: 1.8772e-05 | Val: 1.0624e-04 | Weights: variational=0.074  terminal=0.359  Smin=0.358  Smax=0.210\n",
      "Early stopping at epoch 6009\n",
      "Training with seed: 10\n",
      "Iter      0 | Train: 2.2215e-01 | Val: 8.3590e-01 | Weights: variational=0.250  terminal=0.250  Smin=0.250  Smax=0.250\n",
      "Iter    500 | Train: 2.6457e-03 | Val: 1.0725e-02 | Weights: variational=0.250  terminal=0.250  Smin=0.250  Smax=0.250\n",
      "Iter   1000 | Train: 1.2103e-03 | Val: 4.8708e-03 | Weights: variational=0.250  terminal=0.250  Smin=0.250  Smax=0.250\n",
      "Iter   1500 | Train: 4.4609e-04 | Val: 1.6877e-03 | Weights: variational=0.250  terminal=0.250  Smin=0.250  Smax=0.250\n",
      "Iter   2000 | Train: 1.4556e-04 | Val: 5.8684e-04 | Weights: variational=0.250  terminal=0.250  Smin=0.250  Smax=0.250\n",
      "Iter   2500 | Train: 9.6426e-05 | Val: 4.1595e-04 | Weights: variational=0.230  terminal=0.236  Smin=0.360  Smax=0.175\n",
      "Iter   3000 | Train: 3.5470e-05 | Val: 3.4193e-04 | Weights: variational=0.078  terminal=0.120  Smin=0.737  Smax=0.064\n",
      "Iter   3500 | Train: 5.3522e-05 | Val: 3.2248e-04 | Weights: variational=0.140  terminal=0.193  Smin=0.537  Smax=0.130\n",
      "Iter   4000 | Train: 5.8628e-05 | Val: 2.9551e-04 | Weights: variational=0.143  terminal=0.246  Smin=0.471  Smax=0.140\n",
      "Iter   4500 | Train: 5.3121e-05 | Val: 2.8153e-04 | Weights: variational=0.126  terminal=0.242  Smin=0.459  Smax=0.173\n",
      "Iter   5000 | Train: 5.5209e-05 | Val: 2.6775e-04 | Weights: variational=0.138  terminal=0.262  Smin=0.426  Smax=0.173\n",
      "Iter   5500 | Train: 1.1214e-04 | Val: 2.5189e-04 | Weights: variational=0.083  terminal=0.756  Smin=0.085  Smax=0.076\n",
      "Early stopping at epoch 5995\n",
      "Training with seed: 11\n",
      "Iter      0 | Train: 1.7685e-01 | Val: 6.9441e-01 | Weights: variational=0.250  terminal=0.250  Smin=0.250  Smax=0.250\n",
      "Iter    500 | Train: 2.6332e-03 | Val: 1.0647e-02 | Weights: variational=0.250  terminal=0.250  Smin=0.250  Smax=0.250\n",
      "Iter   1000 | Train: 7.8821e-04 | Val: 3.0031e-03 | Weights: variational=0.250  terminal=0.250  Smin=0.250  Smax=0.250\n",
      "Iter   1500 | Train: 7.3358e-05 | Val: 2.8406e-04 | Weights: variational=0.250  terminal=0.250  Smin=0.250  Smax=0.250\n",
      "Iter   2000 | Train: 4.2854e-05 | Val: 1.7288e-04 | Weights: variational=0.250  terminal=0.250  Smin=0.250  Smax=0.250\n",
      "Iter   2500 | Train: 3.1507e-05 | Val: 1.5050e-04 | Weights: variational=0.341  terminal=0.150  Smin=0.264  Smax=0.245\n",
      "Iter   3000 | Train: 2.5492e-05 | Val: 1.4476e-04 | Weights: variational=0.292  terminal=0.122  Smin=0.249  Smax=0.337\n",
      "Iter   3500 | Train: 2.3019e-05 | Val: 1.3861e-04 | Weights: variational=0.255  terminal=0.126  Smin=0.254  Smax=0.365\n",
      "Iter   4000 | Train: 1.2201e-05 | Val: 1.2861e-04 | Weights: variational=0.178  terminal=0.062  Smin=0.175  Smax=0.585\n",
      "Iter   4500 | Train: 3.1320e-05 | Val: 1.2760e-04 | Weights: variational=0.622  terminal=0.128  Smin=0.117  Smax=0.133\n",
      "Iter   5000 | Train: 4.1738e-05 | Val: 1.2396e-04 | Weights: variational=0.329  terminal=0.342  Smin=0.146  Smax=0.183\n",
      "Iter   5500 | Train: 1.1589e-05 | Val: 9.3371e-05 | Weights: variational=0.161  terminal=0.086  Smin=0.424  Smax=0.330\n",
      "Iter   6000 | Train: 3.8502e-05 | Val: 9.3476e-05 | Weights: variational=0.289  terminal=0.530  Smin=0.053  Smax=0.127\n",
      "Iter   6500 | Train: 1.9492e-05 | Val: 8.3761e-05 | Weights: variational=0.168  terminal=0.300  Smin=0.211  Smax=0.321\n",
      "Iter   7000 | Train: 1.0718e-05 | Val: 7.3556e-05 | Weights: variational=0.114  terminal=0.178  Smin=0.320  Smax=0.388\n",
      "Iter   7500 | Train: 1.3293e-05 | Val: 6.9290e-05 | Weights: variational=0.108  terminal=0.289  Smin=0.086  Smax=0.517\n",
      "Iter   8000 | Train: 1.3305e-05 | Val: 6.7787e-05 | Weights: variational=0.087  terminal=0.304  Smin=0.157  Smax=0.452\n",
      "Iter   8500 | Train: 1.4910e-05 | Val: 6.6635e-05 | Weights: variational=0.268  terminal=0.167  Smin=0.374  Smax=0.192\n",
      "Iter   9000 | Train: 1.3101e-05 | Val: 5.6249e-05 | Weights: variational=0.172  terminal=0.262  Smin=0.180  Smax=0.385\n",
      "Iter   9500 | Train: 6.8884e-06 | Val: 5.4468e-05 | Weights: variational=0.128  terminal=0.145  Smin=0.221  Smax=0.506\n",
      "Iter  10000 | Train: 8.4351e-06 | Val: 5.1942e-05 | Weights: variational=0.166  terminal=0.160  Smin=0.378  Smax=0.296\n",
      "Iter  10500 | Train: 1.4003e-05 | Val: 4.9841e-05 | Weights: variational=0.206  terminal=0.399  Smin=0.137  Smax=0.258\n",
      "Iter  11000 | Train: 8.0703e-06 | Val: 4.9386e-05 | Weights: variational=0.074  terminal=0.255  Smin=0.506  Smax=0.165\n",
      "Early stopping at epoch 11481\n",
      "Training with seed: 12\n",
      "Iter      0 | Train: 4.0057e-01 | Val: 1.5046e+00 | Weights: variational=0.250  terminal=0.250  Smin=0.250  Smax=0.250\n",
      "Iter    500 | Train: 3.5869e-03 | Val: 1.3766e-02 | Weights: variational=0.250  terminal=0.250  Smin=0.250  Smax=0.250\n",
      "Iter   1000 | Train: 1.0963e-03 | Val: 4.3562e-03 | Weights: variational=0.250  terminal=0.250  Smin=0.250  Smax=0.250\n",
      "Iter   1500 | Train: 7.4455e-04 | Val: 3.0250e-03 | Weights: variational=0.250  terminal=0.250  Smin=0.250  Smax=0.250\n",
      "Iter   2000 | Train: 4.6986e-04 | Val: 1.8267e-03 | Weights: variational=0.250  terminal=0.250  Smin=0.250  Smax=0.250\n",
      "Iter   2500 | Train: 1.7117e-04 | Val: 1.0949e-03 | Weights: variational=0.180  terminal=0.154  Smin=0.503  Smax=0.163\n",
      "Iter   3000 | Train: 9.4715e-05 | Val: 6.9902e-04 | Weights: variational=0.179  terminal=0.123  Smin=0.529  Smax=0.169\n",
      "Iter   3500 | Train: 4.2999e-05 | Val: 4.8354e-04 | Weights: variational=0.122  terminal=0.077  Smin=0.267  Smax=0.534\n",
      "Iter   4000 | Train: 4.8849e-05 | Val: 4.0934e-04 | Weights: variational=0.136  terminal=0.112  Smin=0.283  Smax=0.470\n",
      "Iter   4500 | Train: 9.0497e-05 | Val: 3.5520e-04 | Weights: variational=0.136  terminal=0.284  Smin=0.284  Smax=0.296\n",
      "Iter   5000 | Train: 6.3466e-05 | Val: 2.6909e-04 | Weights: variational=0.216  terminal=0.252  Smin=0.323  Smax=0.208\n",
      "Iter   5500 | Train: 3.8492e-05 | Val: 2.0097e-04 | Weights: variational=0.180  terminal=0.185  Smin=0.512  Smax=0.122\n",
      "Iter   6000 | Train: 3.0661e-05 | Val: 1.6281e-04 | Weights: variational=0.260  terminal=0.171  Smin=0.460  Smax=0.109\n",
      "Iter   6500 | Train: 2.5483e-05 | Val: 1.4206e-04 | Weights: variational=0.529  terminal=0.104  Smin=0.286  Smax=0.081\n",
      "Iter   7000 | Train: 3.9751e-05 | Val: 1.3946e-04 | Weights: variational=0.256  terminal=0.287  Smin=0.376  Smax=0.081\n",
      "Iter   7500 | Train: 2.2077e-05 | Val: 1.0829e-04 | Weights: variational=0.226  terminal=0.199  Smin=0.434  Smax=0.140\n",
      "Iter   8000 | Train: 1.8182e-05 | Val: 9.7462e-05 | Weights: variational=0.296  terminal=0.139  Smin=0.297  Smax=0.268\n",
      "Iter   8500 | Train: 1.7245e-05 | Val: 9.5315e-05 | Weights: variational=0.251  terminal=0.134  Smin=0.424  Smax=0.191\n",
      "Iter   9000 | Train: 1.5941e-05 | Val: 9.1098e-05 | Weights: variational=0.365  terminal=0.101  Smin=0.188  Smax=0.345\n",
      "Early stopping at epoch 9490\n",
      "Training with seed: 13\n",
      "Iter      0 | Train: 2.6317e-01 | Val: 9.8555e-01 | Weights: variational=0.250  terminal=0.250  Smin=0.250  Smax=0.250\n",
      "Iter    500 | Train: 4.5201e-03 | Val: 1.8488e-02 | Weights: variational=0.250  terminal=0.250  Smin=0.250  Smax=0.250\n",
      "Iter   1000 | Train: 1.2849e-03 | Val: 5.2856e-03 | Weights: variational=0.250  terminal=0.250  Smin=0.250  Smax=0.250\n",
      "Iter   1500 | Train: 8.7008e-04 | Val: 3.4940e-03 | Weights: variational=0.250  terminal=0.250  Smin=0.250  Smax=0.250\n",
      "Iter   2000 | Train: 4.1762e-04 | Val: 1.7677e-03 | Weights: variational=0.250  terminal=0.250  Smin=0.250  Smax=0.250\n",
      "Iter   2500 | Train: 1.1809e-04 | Val: 8.4822e-04 | Weights: variational=0.181  terminal=0.146  Smin=0.475  Smax=0.198\n",
      "Iter   3000 | Train: 7.5860e-05 | Val: 5.8440e-04 | Weights: variational=0.174  terminal=0.149  Smin=0.470  Smax=0.206\n",
      "Iter   3500 | Train: 8.2091e-05 | Val: 4.7515e-04 | Weights: variational=0.165  terminal=0.201  Smin=0.445  Smax=0.189\n",
      "Iter   4000 | Train: 1.4180e-04 | Val: 3.7592e-04 | Weights: variational=0.059  terminal=0.497  Smin=0.397  Smax=0.046\n",
      "Iter   4500 | Train: 5.4654e-05 | Val: 3.3186e-04 | Weights: variational=0.264  terminal=0.195  Smin=0.494  Smax=0.047\n",
      "Iter   5000 | Train: 4.4647e-05 | Val: 2.4327e-04 | Weights: variational=0.301  terminal=0.191  Smin=0.416  Smax=0.093\n",
      "Iter   5500 | Train: 2.6052e-05 | Val: 2.0423e-04 | Weights: variational=0.219  terminal=0.123  Smin=0.582  Smax=0.076\n",
      "Iter   6000 | Train: 2.1625e-05 | Val: 1.8138e-04 | Weights: variational=0.282  terminal=0.095  Smin=0.548  Smax=0.075\n",
      "Iter   6500 | Train: 1.8005e-05 | Val: 1.7210e-04 | Weights: variational=0.217  terminal=0.096  Smin=0.584  Smax=0.103\n",
      "Iter   7000 | Train: 2.5805e-05 | Val: 1.5707e-04 | Weights: variational=0.710  terminal=0.049  Smin=0.177  Smax=0.064\n",
      "Early stopping at epoch 7497\n",
      "Training with seed: 14\n",
      "Iter      0 | Train: 1.7474e-01 | Val: 6.8929e-01 | Weights: variational=0.250  terminal=0.250  Smin=0.250  Smax=0.250\n",
      "Iter    500 | Train: 2.5245e-03 | Val: 1.0390e-02 | Weights: variational=0.250  terminal=0.250  Smin=0.250  Smax=0.250\n",
      "Iter   1000 | Train: 8.7476e-04 | Val: 3.3682e-03 | Weights: variational=0.250  terminal=0.250  Smin=0.250  Smax=0.250\n",
      "Iter   1500 | Train: 4.7737e-04 | Val: 1.9156e-03 | Weights: variational=0.250  terminal=0.250  Smin=0.250  Smax=0.250\n",
      "Iter   2000 | Train: 2.1352e-04 | Val: 8.5429e-04 | Weights: variational=0.250  terminal=0.250  Smin=0.250  Smax=0.250\n",
      "Iter   2500 | Train: 2.7129e-04 | Val: 6.2020e-04 | Weights: variational=0.244  terminal=0.485  Smin=0.133  Smax=0.138\n",
      "Iter   3000 | Train: 8.2975e-05 | Val: 3.3537e-04 | Weights: variational=0.159  terminal=0.281  Smin=0.176  Smax=0.384\n",
      "Iter   3500 | Train: 5.4299e-05 | Val: 2.2290e-04 | Weights: variational=0.242  terminal=0.225  Smin=0.309  Smax=0.225\n",
      "Iter   4000 | Train: 1.5894e-05 | Val: 1.9916e-04 | Weights: variational=0.049  terminal=0.099  Smin=0.649  Smax=0.203\n",
      "Iter   4500 | Train: 4.2573e-05 | Val: 1.9786e-04 | Weights: variational=0.137  terminal=0.267  Smin=0.136  Smax=0.460\n",
      "Iter   5000 | Train: 3.5482e-05 | Val: 1.9494e-04 | Weights: variational=0.169  terminal=0.181  Smin=0.423  Smax=0.227\n",
      "Iter   5500 | Train: 5.8560e-05 | Val: 1.8627e-04 | Weights: variational=0.290  terminal=0.341  Smin=0.132  Smax=0.237\n",
      "Iter   6000 | Train: 5.9486e-05 | Val: 1.8221e-04 | Weights: variational=0.173  terminal=0.449  Smin=0.120  Smax=0.257\n",
      "Early stopping at epoch 6470\n",
      "Training with seed: 15\n",
      "Iter      0 | Train: 3.9642e-01 | Val: 1.4857e+00 | Weights: variational=0.250  terminal=0.250  Smin=0.250  Smax=0.250\n",
      "Iter    500 | Train: 4.9682e-03 | Val: 1.9671e-02 | Weights: variational=0.250  terminal=0.250  Smin=0.250  Smax=0.250\n",
      "Iter   1000 | Train: 1.1618e-03 | Val: 4.7139e-03 | Weights: variational=0.250  terminal=0.250  Smin=0.250  Smax=0.250\n",
      "Iter   1500 | Train: 7.1783e-04 | Val: 3.0011e-03 | Weights: variational=0.250  terminal=0.250  Smin=0.250  Smax=0.250\n",
      "Iter   2000 | Train: 4.0481e-04 | Val: 1.6469e-03 | Weights: variational=0.250  terminal=0.250  Smin=0.250  Smax=0.250\n",
      "Iter   2500 | Train: 1.7452e-04 | Val: 8.5968e-04 | Weights: variational=0.218  terminal=0.197  Smin=0.366  Smax=0.219\n",
      "Iter   3000 | Train: 8.8054e-05 | Val: 5.8661e-04 | Weights: variational=0.180  terminal=0.129  Smin=0.278  Smax=0.412\n",
      "Iter   3500 | Train: 7.2150e-05 | Val: 4.8982e-04 | Weights: variational=0.188  terminal=0.139  Smin=0.278  Smax=0.395\n",
      "Iter   4000 | Train: 6.4214e-05 | Val: 3.8759e-04 | Weights: variational=0.200  terminal=0.160  Smin=0.284  Smax=0.356\n",
      "Iter   4500 | Train: 5.6431e-05 | Val: 3.0881e-04 | Weights: variational=0.215  terminal=0.174  Smin=0.268  Smax=0.342\n",
      "Iter   5000 | Train: 5.0660e-05 | Val: 2.3451e-04 | Weights: variational=0.479  terminal=0.146  Smin=0.159  Smax=0.216\n",
      "Iter   5500 | Train: 2.6884e-05 | Val: 1.9258e-04 | Weights: variational=0.113  terminal=0.149  Smin=0.255  Smax=0.482\n",
      "Iter   6000 | Train: 4.9005e-05 | Val: 1.5756e-04 | Weights: variational=0.093  terminal=0.402  Smin=0.153  Smax=0.352\n",
      "Iter   6500 | Train: 3.5521e-06 | Val: 1.3376e-04 | Weights: variational=0.013  terminal=0.033  Smin=0.061  Smax=0.893\n",
      "Iter   7000 | Train: 2.2083e-05 | Val: 1.3161e-04 | Weights: variational=0.062  terminal=0.291  Smin=0.501  Smax=0.146\n",
      "Iter   7500 | Train: 3.0517e-05 | Val: 1.2504e-04 | Weights: variational=0.085  terminal=0.401  Smin=0.396  Smax=0.118\n",
      "Iter   8000 | Train: 3.8664e-05 | Val: 1.2183e-04 | Weights: variational=0.046  terminal=0.750  Smin=0.150  Smax=0.054\n",
      "Early stopping at epoch 8494\n",
      "Training with seed: 16\n",
      "Iter      0 | Train: 2.0219e-01 | Val: 7.7435e-01 | Weights: variational=0.250  terminal=0.250  Smin=0.250  Smax=0.250\n",
      "Iter    500 | Train: 2.8502e-03 | Val: 1.0644e-02 | Weights: variational=0.250  terminal=0.250  Smin=0.250  Smax=0.250\n",
