{
 "cells": [
  {
   "cell_type": "code",
   "execution_count": 1,
   "id": "80f10879",
   "metadata": {},
   "outputs": [],
   "source": [
    "import numpy as np\n",
    "import matplotlib.pyplot as plt\n",
    "import torch\n",
    "import torch.nn as nn\n",
    "\n",
    "from black_scholes.pinn.bs_pinn_nd import BSProductPINN, BSMaxPINN, BSMinPINN\n",
    "from utility.model import EarlyStopping\n",
    "from config.bs_nd import *\n"
   ]
  },
  {
   "cell_type": "code",
   "execution_count": 2,
   "id": "53065123",
   "metadata": {},
   "outputs": [],
   "source": [
    "def train_product_pinns(seeds):\n",
    "    for seed in seeds:\n",
    "        print(f'Training model with seed {seed}...')\n",
    "        pinn = BSProductPINN(model_config, seed=seed)\n",
    "        pinn.set_params(K, r, sigmas, corr, T, S_mins, S_maxs)\n",
    "        pinn.set_loss_weights(loss_weights)\n",
    "\n",
    "        early_stopping = EarlyStopping(patience=500, min_delta=1e-7)\n",
    "        pinn.train(batch_size=4096, epochs=40000, early_stopping=early_stopping)\n",
    "        pinn.save(f'../../models/bs_pinn_nd/{seed}.pth')\n",
    "\n",
    "def train_min_max_pinns(seeds):\n",
    "    for seed in seeds:\n",
    "        print(f'Training model with seed {seed}...')\n",
    "        pinn_min = BSMinPINN(model_config, seed=seed)\n",
    "        pinn_min.set_params(K, r, sigmas, corr, T, S_mins, S_maxs)\n",
    "        pinn_min.set_loss_weights(loss_weights)\n",
    "        early_stopping = EarlyStopping(patience=500, min_delta=1e-7)\n",
    "        pinn_min.train(batch_size=4096, epochs=40000, early_stopping=early_stopping)\n",
    "        pinn_min.save(f'../../models/bs_pinn_nd/minimum/{seed}.pth')\n",
    "\n",
    "        pinn_max = BSMaxPINN(model_config, seed=seed)\n",
    "        pinn_max.set_params(K, r, sigmas, corr, T, S_mins, S_maxs)\n",
    "        pinn_max.set_loss_weights(loss_weights)\n",
    "        early_stopping = EarlyStopping(patience=500, min_delta=1e-7)\n",
    "        pinn_max.train(batch_size=4096, epochs=40000, early_stopping=early_stopping)\n",
    "        pinn_max.save(f'../../models/bs_pinn_nd/maximum/{seed}.pth')"
   ]
  },
  {
   "cell_type": "code",
   "execution_count": 3,
   "id": "670356bd",
   "metadata": {},
   "outputs": [
    {
     "name": "stdout",
     "output_type": "stream",
     "text": [
      "Training model with seed 0...\n",
      "Precomputing boundary interpolation grids...\n",
      "Done.\n",
      "Iter      0 | Train: 5.0229e-01 | Val: 1.7001e+00 | Weights: variational=0.250  terminal=0.250  Smax=0.250  Smin=0.250\n",
      "Iter    500 | Train: 6.7666e-03 | Val: 2.6622e-02 | Weights: variational=0.250  terminal=0.250  Smax=0.250  Smin=0.250\n",
      "Iter   1000 | Train: 2.7820e-03 | Val: 1.1169e-02 | Weights: variational=0.250  terminal=0.250  Smax=0.250  Smin=0.250\n",
      "Iter   1500 | Train: 1.4372e-03 | Val: 5.6924e-03 | Weights: variational=0.250  terminal=0.250  Smax=0.250  Smin=0.250\n",
      "Iter   2000 | Train: 4.5549e-04 | Val: 1.7478e-03 | Weights: variational=0.250  terminal=0.250  Smax=0.250  Smin=0.250\n",
      "Iter   2500 | Train: 3.0902e-04 | Val: 9.9594e-04 | Weights: variational=0.321  terminal=0.373  Smin=0.131  Smax=0.176\n",
      "Iter   3000 | Train: 2.2681e-04 | Val: 7.8057e-04 | Weights: variational=0.408  terminal=0.322  Smin=0.115  Smax=0.155\n",
      "Iter   3500 | Train: 1.5711e-04 | Val: 5.9934e-04 | Weights: variational=0.610  terminal=0.174  Smin=0.102  Smax=0.114\n",
      "Iter   4000 | Train: 1.6114e-04 | Val: 4.6089e-04 | Weights: variational=0.167  terminal=0.554  Smin=0.122  Smax=0.157\n",
      "Iter   4500 | Train: 9.5879e-05 | Val: 3.3741e-04 | Weights: variational=0.347  terminal=0.252  Smin=0.235  Smax=0.167\n",
      "Iter   5000 | Train: 7.2945e-05 | Val: 2.5472e-04 | Weights: variational=0.539  terminal=0.205  Smin=0.125  Smax=0.130\n",
      "Iter   5500 | Train: 4.8247e-05 | Val: 2.2288e-04 | Weights: variational=0.070  terminal=0.118  Smin=0.766  Smax=0.047\n",
      "Iter   6000 | Train: 5.9957e-05 | Val: 2.0841e-04 | Weights: variational=0.363  terminal=0.267  Smin=0.224  Smax=0.146\n",
      "Iter   6500 | Train: 4.8061e-05 | Val: 1.7689e-04 | Weights: variational=0.623  terminal=0.144  Smin=0.135  Smax=0.098\n",
      "Iter   7000 | Train: 4.9129e-05 | Val: 1.7532e-04 | Weights: variational=0.186  terminal=0.302  Smin=0.208  Smax=0.304\n",
      "Iter   7500 | Train: 3.8992e-05 | Val: 1.4865e-04 | Weights: variational=0.282  terminal=0.205  Smin=0.378  Smax=0.135\n",
      "Iter   8000 | Train: 4.9361e-05 | Val: 1.3773e-04 | Weights: variational=0.201  terminal=0.525  Smin=0.137  Smax=0.137\n",
      "Iter   8500 | Train: 3.3379e-05 | Val: 1.2990e-04 | Weights: variational=0.292  terminal=0.192  Smin=0.301  Smax=0.214\n",
      "Iter   9000 | Train: 3.4780e-05 | Val: 1.1975e-04 | Weights: variational=0.457  terminal=0.192  Smin=0.195  Smax=0.156\n",
      "Iter   9500 | Train: 1.7966e-05 | Val: 1.2089e-04 | Weights: variational=0.018  terminal=0.056  Smin=0.907  Smax=0.018\n",
      "Early stopping at epoch 9995\n",
      "Precomputing boundary interpolation grids...\n",
      "Done.\n",
      "Iter      0 | Train: 6.8019e-02 | Val: 1.7636e-01 | Weights: variational=0.250  terminal=0.250  Smax=0.250  Smin=0.250\n",
      "Iter    500 | Train: 1.6026e-03 | Val: 6.0551e-03 | Weights: variational=0.250  terminal=0.250  Smax=0.250  Smin=0.250\n",
      "Iter   1000 | Train: 1.5647e-03 | Val: 5.7337e-03 | Weights: variational=0.250  terminal=0.250  Smax=0.250  Smin=0.250\n",
      "Iter   1500 | Train: 1.4787e-03 | Val: 5.5166e-03 | Weights: variational=0.250  terminal=0.250  Smax=0.250  Smin=0.250\n",
      "Iter   2000 | Train: 1.1221e-03 | Val: 4.0700e-03 | Weights: variational=0.250  terminal=0.250  Smax=0.250  Smin=0.250\n",
      "Iter   2500 | Train: 2.1542e-04 | Val: 8.9013e-04 | Weights: variational=0.159  terminal=0.348  Smin=0.183  Smax=0.311\n",
      "Iter   3000 | Train: 1.0527e-04 | Val: 4.3701e-04 | Weights: variational=0.095  terminal=0.202  Smin=0.475  Smax=0.228\n",
      "Iter   3500 | Train: 1.3187e-05 | Val: 3.5272e-04 | Weights: variational=0.022  terminal=0.039  Smin=0.064  Smax=0.874\n",
      "Iter   4000 | Train: 1.0567e-04 | Val: 3.2365e-04 | Weights: variational=0.097  terminal=0.529  Smin=0.349  Smax=0.024\n",
      "Iter   4500 | Train: 8.4513e-05 | Val: 2.7872e-04 | Weights: variational=0.530  terminal=0.030  Smin=0.024  Smax=0.416\n",
      "Iter   5000 | Train: 1.3295e-04 | Val: 3.4607e-04 | Weights: variational=0.084  terminal=0.228  Smin=0.625  Smax=0.062\n",
      "Early stopping at epoch 5008\n",
      "Training model with seed 1...\n",
      "Precomputing boundary interpolation grids...\n",
      "Done.\n",
      "Iter      0 | Train: 1.0170e+00 | Val: 3.5472e+00 | Weights: variational=0.250  terminal=0.250  Smax=0.250  Smin=0.250\n",
      "Iter    500 | Train: 9.6716e-03 | Val: 3.8490e-02 | Weights: variational=0.250  terminal=0.250  Smax=0.250  Smin=0.250\n",
      "Iter   1000 | Train: 2.9490e-03 | Val: 1.1875e-02 | Weights: variational=0.250  terminal=0.250  Smax=0.250  Smin=0.250\n",
      "Iter   1500 | Train: 2.0898e-03 | Val: 8.1768e-03 | Weights: variational=0.250  terminal=0.250  Smax=0.250  Smin=0.250\n",
      "Iter   2000 | Train: 8.8526e-04 | Val: 3.3825e-03 | Weights: variational=0.250  terminal=0.250  Smax=0.250  Smin=0.250\n",
      "Iter   2500 | Train: 4.5300e-04 | Val: 2.0083e-03 | Weights: variational=0.151  terminal=0.099  Smin=0.104  Smax=0.646\n",
      "Iter   3000 | Train: 3.1582e-04 | Val: 1.3925e-03 | Weights: variational=0.364  terminal=0.133  Smin=0.134  Smax=0.369\n",
      "Iter   3500 | Train: 1.8718e-04 | Val: 8.3890e-04 | Weights: variational=0.359  terminal=0.149  Smin=0.143  Smax=0.349\n",
      "Iter   4000 | Train: 1.4004e-04 | Val: 5.3025e-04 | Weights: variational=0.249  terminal=0.260  Smin=0.147  Smax=0.344\n",
      "Iter   4500 | Train: 1.2495e-04 | Val: 3.6965e-04 | Weights: variational=0.358  terminal=0.467  Smin=0.063  Smax=0.112\n",
      "Iter   5000 | Train: 1.0324e-04 | Val: 2.6366e-04 | Weights: variational=0.213  terminal=0.616  Smin=0.075  Smax=0.095\n",
      "Iter   5500 | Train: 5.4639e-05 | Val: 2.0671e-04 | Weights: variational=0.164  terminal=0.378  Smin=0.246  Smax=0.213\n",
      "Iter   6000 | Train: 3.9327e-05 | Val: 1.7298e-04 | Weights: variational=0.158  terminal=0.241  Smin=0.431  Smax=0.170\n",
      "Iter   6500 | Train: 3.9052e-05 | Val: 1.6003e-04 | Weights: variational=0.406  terminal=0.100  Smin=0.113  Smax=0.381\n",
      "Iter   7000 | Train: 3.8675e-05 | Val: 1.5334e-04 | Weights: variational=0.199  terminal=0.302  Smin=0.179  Smax=0.320\n",
      "Iter   7500 | Train: 4.2290e-05 | Val: 1.3357e-04 | Weights: variational=0.606  terminal=0.075  Smin=0.119  Smax=0.200\n",
      "Iter   8000 | Train: 6.4249e-05 | Val: 1.4050e-04 | Weights: variational=0.151  terminal=0.663  Smin=0.110  Smax=0.075\n",
      "Early stopping at epoch 8000\n",
      "Precomputing boundary interpolation grids...\n",
      "Done.\n",
      "Iter      0 | Train: 3.1280e-01 | Val: 9.7302e-01 | Weights: variational=0.250  terminal=0.250  Smax=0.250  Smin=0.250\n",
      "Iter    500 | Train: 1.7715e-03 | Val: 6.6978e-03 | Weights: variational=0.250  terminal=0.250  Smax=0.250  Smin=0.250\n",
      "Iter   1000 | Train: 1.5904e-03 | Val: 6.3303e-03 | Weights: variational=0.250  terminal=0.250  Smax=0.250  Smin=0.250\n",
      "Iter   1500 | Train: 1.5857e-03 | Val: 6.1707e-03 | Weights: variational=0.250  terminal=0.250  Smax=0.250  Smin=0.250\n",
      "Iter   2000 | Train: 1.6250e-03 | Val: 6.0171e-03 | Weights: variational=0.250  terminal=0.250  Smax=0.250  Smin=0.250\n",
      "Iter   2500 | Train: 9.8942e-04 | Val: 5.7032e-03 | Weights: variational=0.147  terminal=0.197  Smin=0.140  Smax=0.516\n",
      "Iter   3000 | Train: 6.5638e-04 | Val: 5.1025e-03 | Weights: variational=0.113  terminal=0.166  Smin=0.088  Smax=0.632\n",
      "Iter   3500 | Train: 5.8388e-04 | Val: 4.0579e-03 | Weights: variational=0.109  terminal=0.225  Smin=0.083  Smax=0.583\n",
      "Iter   4000 | Train: 2.7235e-04 | Val: 1.6956e-03 | Weights: variational=0.113  terminal=0.270  Smin=0.089  Smax=0.528\n",
      "Iter   4500 | Train: 1.1900e-04 | Val: 7.5347e-04 | Weights: variational=0.084  terminal=0.180  Smin=0.193  Smax=0.544\n",
      "Iter   5000 | Train: 9.6578e-05 | Val: 4.9125e-04 | Weights: variational=0.149  terminal=0.223  Smin=0.223  Smax=0.405\n",
      "Iter   5500 | Train: 1.4195e-04 | Val: 3.4715e-04 | Weights: variational=0.052  terminal=0.841  Smin=0.038  Smax=0.069\n",
      "Iter   6000 | Train: 8.4056e-05 | Val: 3.2484e-04 | Weights: variational=0.301  terminal=0.276  Smin=0.191  Smax=0.232\n",
      "Iter   6500 | Train: 5.7025e-05 | Val: 2.5633e-04 | Weights: variational=0.178  terminal=0.168  Smin=0.464  Smax=0.190\n",
      "Iter   7000 | Train: 1.7791e-05 | Val: 2.4467e-04 | Weights: variational=0.066  terminal=0.072  Smin=0.101  Smax=0.761\n",
      "Iter   7500 | Train: 5.4072e-05 | Val: 2.3141e-04 | Weights: variational=0.113  terminal=0.331  Smin=0.244  Smax=0.312\n",
      "Iter   8000 | Train: 5.0186e-05 | Val: 2.1586e-04 | Weights: variational=0.302  terminal=0.172  Smin=0.418  Smax=0.108\n",
      "Iter   8500 | Train: 1.9133e-05 | Val: 2.0373e-04 | Weights: variational=0.046  terminal=0.125  Smin=0.056  Smax=0.772\n",
      "Iter   9000 | Train: 6.1030e-05 | Val: 2.0137e-04 | Weights: variational=0.243  terminal=0.340  Smin=0.369  Smax=0.048\n",
      "Iter   9500 | Train: 3.1112e-05 | Val: 1.9776e-04 | Weights: variational=0.064  terminal=0.291  Smin=0.045  Smax=0.599\n",
      "Early stopping at epoch 9976\n",
      "Training model with seed 2...\n",
      "Precomputing boundary interpolation grids...\n",
      "Done.\n",
      "Iter      0 | Train: 1.2743e+00 | Val: 4.5673e+00 | Weights: variational=0.250  terminal=0.250  Smax=0.250  Smin=0.250\n",
      "Iter    500 | Train: 1.0001e-02 | Val: 3.8947e-02 | Weights: variational=0.250  terminal=0.250  Smax=0.250  Smin=0.250\n",
      "Iter   1000 | Train: 3.0833e-03 | Val: 1.2179e-02 | Weights: variational=0.250  terminal=0.250  Smax=0.250  Smin=0.250\n",
      "Iter   1500 | Train: 2.4234e-03 | Val: 9.4762e-03 | Weights: variational=0.250  terminal=0.250  Smax=0.250  Smin=0.250\n",
      "Iter   2000 | Train: 1.2916e-03 | Val: 5.2395e-03 | Weights: variational=0.250  terminal=0.250  Smax=0.250  Smin=0.250\n",
      "Iter   2500 | Train: 6.4001e-04 | Val: 2.5643e-03 | Weights: variational=0.375  terminal=0.177  Smin=0.178  Smax=0.270\n",
      "Iter   3000 | Train: 3.7518e-04 | Val: 1.5468e-03 | Weights: variational=0.360  terminal=0.182  Smin=0.178  Smax=0.280\n",
      "Iter   3500 | Train: 2.7253e-04 | Val: 1.0536e-03 | Weights: variational=0.300  terminal=0.223  Smin=0.161  Smax=0.316\n",
      "Iter   4000 | Train: 2.0286e-04 | Val: 7.0023e-04 | Weights: variational=0.263  terminal=0.323  Smin=0.167  Smax=0.247\n",
      "Iter   4500 | Train: 1.5579e-04 | Val: 5.0427e-04 | Weights: variational=0.284  terminal=0.372  Smin=0.149  Smax=0.195\n",
      "Iter   5000 | Train: 1.1108e-04 | Val: 3.6629e-04 | Weights: variational=0.525  terminal=0.263  Smin=0.128  Smax=0.083\n",
      "Iter   5500 | Train: 7.7953e-05 | Val: 2.8554e-04 | Weights: variational=0.241  terminal=0.292  Smin=0.163  Smax=0.305\n",
      "Iter   6000 | Train: 5.1706e-05 | Val: 2.3311e-04 | Weights: variational=0.232  terminal=0.184  Smin=0.171  Smax=0.412\n",
      "Iter   6500 | Train: 6.0177e-05 | Val: 2.1051e-04 | Weights: variational=0.290  terminal=0.309  Smin=0.283  Smax=0.118\n",
      "Iter   7000 | Train: 5.9010e-05 | Val: 1.8861e-04 | Weights: variational=0.729  terminal=0.188  Smin=0.037  Smax=0.046\n",
      "Iter   7500 | Train: 4.5679e-05 | Val: 1.8764e-04 | Weights: variational=0.250  terminal=0.246  Smin=0.176  Smax=0.328\n",
      "Iter   8000 | Train: 4.2272e-05 | Val: 1.6323e-04 | Weights: variational=0.291  terminal=0.245  Smin=0.176  Smax=0.287\n",
      "Iter   8500 | Train: 3.8061e-05 | Val: 1.5608e-04 | Weights: variational=0.453  terminal=0.154  Smin=0.114  Smax=0.279\n",
      "Iter   9000 | Train: 4.7854e-05 | Val: 1.5383e-04 | Weights: variational=0.408  terminal=0.296  Smin=0.110  Smax=0.187\n",
      "Iter   9500 | Train: 4.0212e-05 | Val: 1.5118e-04 | Weights: variational=0.078  terminal=0.401  Smin=0.424  Smax=0.096\n",
      "Iter  10000 | Train: 5.1997e-05 | Val: 1.4815e-04 | Weights: variational=0.669  terminal=0.131  Smin=0.072  Smax=0.128\n",
      "Early stopping at epoch 10035\n",
      "Precomputing boundary interpolation grids...\n",
      "Done.\n",
      "Iter      0 | Train: 4.7460e-01 | Val: 1.5572e+00 | Weights: variational=0.250  terminal=0.250  Smax=0.250  Smin=0.250\n",
      "Iter    500 | Train: 1.8184e-03 | Val: 7.0148e-03 | Weights: variational=0.250  terminal=0.250  Smax=0.250  Smin=0.250\n",
      "Iter   1000 | Train: 1.6262e-03 | Val: 6.3233e-03 | Weights: variational=0.250  terminal=0.250  Smax=0.250  Smin=0.250\n",
      "Iter   1500 | Train: 1.5797e-03 | Val: 6.0787e-03 | Weights: variational=0.250  terminal=0.250  Smax=0.250  Smin=0.250\n",
      "Iter   2000 | Train: 1.2587e-03 | Val: 5.3978e-03 | Weights: variational=0.250  terminal=0.250  Smax=0.250  Smin=0.250\n",
      "Iter   2500 | Train: 6.6329e-04 | Val: 3.9438e-03 | Weights: variational=0.138  terminal=0.218  Smin=0.123  Smax=0.521\n",
      "Iter   3000 | Train: 2.3261e-04 | Val: 1.9894e-03 | Weights: variational=0.072  terminal=0.192  Smin=0.068  Smax=0.668\n",
      "Iter   3500 | Train: 1.6921e-04 | Val: 9.7278e-04 | Weights: variational=0.131  terminal=0.164  Smin=0.231  Smax=0.474\n",
      "Iter   4000 | Train: 9.5176e-05 | Val: 4.7949e-04 | Weights: variational=0.108  terminal=0.091  Smin=0.705  Smax=0.096\n",
      "Iter   4500 | Train: 7.0884e-05 | Val: 3.9588e-04 | Weights: variational=0.162  terminal=0.159  Smin=0.281  Smax=0.399\n",
      "Iter   5000 | Train: 5.3685e-05 | Val: 3.0149e-04 | Weights: variational=0.201  terminal=0.176  Smin=0.295  Smax=0.329\n",
      "Iter   5500 | Train: 4.6080e-05 | Val: 2.5355e-04 | Weights: variational=0.119  terminal=0.136  Smin=0.610  Smax=0.134\n",
      "Iter   6000 | Train: 6.3246e-05 | Val: 2.2830e-04 | Weights: variational=0.565  terminal=0.139  Smin=0.082  Smax=0.214\n",
      "Iter   6500 | Train: 4.9760e-05 | Val: 2.0164e-04 | Weights: variational=0.068  terminal=0.309  Smin=0.247  Smax=0.376\n",
      "Iter   7000 | Train: 6.0617e-05 | Val: 1.7582e-04 | Weights: variational=0.572  terminal=0.293  Smin=0.111  Smax=0.024\n",
      "Iter   7500 | Train: 1.9043e-06 | Val: 1.6963e-04 | Weights: variational=0.006  terminal=0.010  Smin=0.016  Smax=0.968\n",
      "Iter   8000 | Train: 4.3482e-05 | Val: 1.5205e-04 | Weights: variational=0.304  terminal=0.272  Smin=0.283  Smax=0.141\n",
      "Iter   8500 | Train: 3.7086e-05 | Val: 1.4254e-04 | Weights: variational=0.130  terminal=0.357  Smin=0.267  Smax=0.246\n",
      "Iter   9000 | Train: 3.1211e-05 | Val: 1.3787e-04 | Weights: variational=0.265  terminal=0.163  Smin=0.528  Smax=0.044\n",
      "Iter   9500 | Train: 3.3038e-05 | Val: 1.3361e-04 | Weights: variational=0.157  terminal=0.272  Smin=0.254  Smax=0.317\n",
      "Iter  10000 | Train: 3.7835e-05 | Val: 1.2814e-04 | Weights: variational=0.422  terminal=0.249  Smin=0.242  Smax=0.087\n",
      "Iter  10500 | Train: 3.1754e-05 | Val: 1.2550e-04 | Weights: variational=0.493  terminal=0.155  Smin=0.170  Smax=0.183\n",
      "Iter  11000 | Train: 3.7883e-05 | Val: 1.2345e-04 | Weights: variational=0.301  terminal=0.335  Smin=0.210  Smax=0.154\n",
      "Iter  11500 | Train: 4.1566e-05 | Val: 1.1924e-04 | Weights: variational=0.357  terminal=0.389  Smin=0.148  Smax=0.106\n",
      "Iter  12000 | Train: 2.5195e-05 | Val: 1.1785e-04 | Weights: variational=0.123  terminal=0.116  Smin=0.675  Smax=0.086\n",
      "Iter  12500 | Train: 2.5487e-05 | Val: 1.1910e-04 | Weights: variational=0.070  terminal=0.317  Smin=0.282  Smax=0.330\n",
      "Early stopping at epoch 12508\n",
      "Training model with seed 3...\n",
      "Precomputing boundary interpolation grids...\n",
      "Done.\n",
      "Iter      0 | Train: 6.5313e-01 | Val: 2.2145e+00 | Weights: variational=0.250  terminal=0.250  Smax=0.250  Smin=0.250\n",
      "Iter    500 | Train: 5.9645e-03 | Val: 2.2757e-02 | Weights: variational=0.250  terminal=0.250  Smax=0.250  Smin=0.250\n",
      "Iter   1000 | Train: 2.9432e-03 | Val: 1.1341e-02 | Weights: variational=0.250  terminal=0.250  Smax=0.250  Smin=0.250\n",
      "Iter   1500 | Train: 1.9207e-03 | Val: 7.3901e-03 | Weights: variational=0.250  terminal=0.250  Smax=0.250  Smin=0.250\n",
      "Iter   2000 | Train: 7.8012e-04 | Val: 2.9119e-03 | Weights: variational=0.250  terminal=0.250  Smax=0.250  Smin=0.250\n",
      "Iter   2500 | Train: 3.4916e-04 | Val: 1.9682e-03 | Weights: variational=0.175  terminal=0.052  Smin=0.057  Smax=0.716\n",
      "Iter   3000 | Train: 2.9634e-04 | Val: 1.4065e-03 | Weights: variational=0.326  terminal=0.139  Smin=0.083  Smax=0.452\n",
      "Iter   3500 | Train: 2.8061e-04 | Val: 1.0660e-03 | Weights: variational=0.511  terminal=0.119  Smin=0.188  Smax=0.182\n",
      "Iter   4000 | Train: 2.1308e-04 | Val: 8.5626e-04 | Weights: variational=0.392  terminal=0.179  Smin=0.175  Smax=0.253\n",
      "Iter   4500 | Train: 1.9579e-04 | Val: 7.1738e-04 | Weights: variational=0.187  terminal=0.380  Smin=0.113  Smax=0.320\n",
      "Iter   5000 | Train: 1.8429e-04 | Val: 6.2455e-04 | Weights: variational=0.301  terminal=0.423  Smin=0.108  Smax=0.168\n",
      "Iter   5500 | Train: 1.6732e-04 | Val: 5.6708e-04 | Weights: variational=0.323  terminal=0.426  Smin=0.108  Smax=0.143\n",
      "Iter   6000 | Train: 1.4375e-04 | Val: 5.1986e-04 | Weights: variational=0.598  terminal=0.164  Smin=0.158  Smax=0.080\n",
      "Iter   6500 | Train: 1.2661e-04 | Val: 4.8906e-04 | Weights: variational=0.528  terminal=0.196  Smin=0.141  Smax=0.134\n",
      "Iter   7000 | Train: 1.4819e-04 | Val: 4.5339e-04 | Weights: variational=0.199  terminal=0.559  Smin=0.113  Smax=0.129\n",
      "Iter   7500 | Train: 1.3022e-04 | Val: 4.3400e-04 | Weights: variational=0.598  terminal=0.291  Smin=0.072  Smax=0.039\n",
      "Iter   8000 | Train: 1.0454e-04 | Val: 4.0455e-04 | Weights: variational=0.176  terminal=0.341  Smin=0.200  Smax=0.283\n",
      "Iter   8500 | Train: 9.6594e-05 | Val: 3.5083e-04 | Weights: variational=0.381  terminal=0.270  Smin=0.181  Smax=0.168\n",
      "Iter   9000 | Train: 9.4771e-05 | Val: 3.3183e-04 | Weights: variational=0.336  terminal=0.376  Smin=0.159  Smax=0.130\n",
      "Iter   9500 | Train: 8.2481e-05 | Val: 3.1395e-04 | Weights: variational=0.267  terminal=0.169  Smin=0.434  Smax=0.130\n",
      "Iter  10000 | Train: 8.6985e-05 | Val: 2.8882e-04 | Weights: variational=0.564  terminal=0.231  Smin=0.127  Smax=0.078\n",
      "Iter  10500 | Train: 8.3314e-05 | Val: 2.8003e-04 | Weights: variational=0.485  terminal=0.285  Smin=0.124  Smax=0.106\n",
      "Iter  11000 | Train: 7.5246e-05 | Val: 2.6322e-04 | Weights: variational=0.196  terminal=0.307  Smin=0.363  Smax=0.133\n",
      "Iter  11500 | Train: 6.7398e-05 | Val: 2.5108e-04 | Weights: variational=0.480  terminal=0.195  Smin=0.085  Smax=0.240\n",
      "Iter  12000 | Train: 7.7891e-05 | Val: 2.3978e-04 | Weights: variational=0.228  terminal=0.502  Smin=0.136  Smax=0.134\n",
      "Iter  12500 | Train: 6.7837e-05 | Val: 2.2990e-04 | Weights: variational=0.764  terminal=0.107  Smin=0.076  Smax=0.053\n",
      "Early stopping at epoch 12990\n",
      "Precomputing boundary interpolation grids...\n",
      "Done.\n",
      "Iter      0 | Train: 1.2728e-01 | Val: 3.3367e-01 | Weights: variational=0.250  terminal=0.250  Smax=0.250  Smin=0.250\n",
      "Iter    500 | Train: 1.7619e-03 | Val: 6.4474e-03 | Weights: variational=0.250  terminal=0.250  Smax=0.250  Smin=0.250\n",
      "Iter   1000 | Train: 1.5565e-03 | Val: 6.1347e-03 | Weights: variational=0.250  terminal=0.250  Smax=0.250  Smin=0.250\n",
      "Iter   1500 | Train: 1.4700e-03 | Val: 5.7717e-03 | Weights: variational=0.250  terminal=0.250  Smax=0.250  Smin=0.250\n",
      "Iter   2000 | Train: 1.0590e-03 | Val: 3.8624e-03 | Weights: variational=0.250  terminal=0.250  Smax=0.250  Smin=0.250\n",
      "Iter   2500 | Train: 1.7913e-04 | Val: 8.0713e-04 | Weights: variational=0.158  terminal=0.192  Smin=0.365  Smax=0.285\n",
      "Iter   3000 | Train: 1.0736e-04 | Val: 4.2883e-04 | Weights: variational=0.073  terminal=0.387  Smin=0.160  Smax=0.381\n",
      "Iter   3500 | Train: 8.0893e-05 | Val: 3.0437e-04 | Weights: variational=0.122  terminal=0.214  Smin=0.474  Smax=0.189\n",
      "Iter   4000 | Train: 7.0180e-05 | Val: 2.4390e-04 | Weights: variational=0.075  terminal=0.523  Smin=0.049  Smax=0.353\n",
      "Iter   4500 | Train: 1.0030e-04 | Val: 2.4633e-04 | Weights: variational=0.753  terminal=0.062  Smin=0.151  Smax=0.035\n",
      "Iter   5000 | Train: 4.3561e-05 | Val: 2.1377e-04 | Weights: variational=0.379  terminal=0.130  Smin=0.122  Smax=0.369\n",
      "Iter   5500 | Train: 4.3741e-05 | Val: 1.6745e-04 | Weights: variational=0.258  terminal=0.237  Smin=0.273  Smax=0.232\n",
      "Iter   6000 | Train: 4.6545e-05 | Val: 1.3576e-04 | Weights: variational=0.590  terminal=0.126  Smin=0.139  Smax=0.145\n",
      "Iter   6500 | Train: 3.5196e-05 | Val: 1.3583e-04 | Weights: variational=0.138  terminal=0.451  Smin=0.104  Smax=0.307\n",
      "Iter   7000 | Train: 3.4122e-05 | Val: 1.2341e-04 | Weights: variational=0.341  terminal=0.216  Smin=0.147  Smax=0.296\n",
      "Iter   7500 | Train: 2.9738e-05 | Val: 1.2300e-04 | Weights: variational=0.240  terminal=0.269  Smin=0.182  Smax=0.308\n",
      "Iter   8000 | Train: 3.1884e-05 | Val: 1.0344e-04 | Weights: variational=0.305  terminal=0.310  Smin=0.219  Smax=0.167\n",
      "Iter   8500 | Train: 2.3005e-05 | Val: 9.8177e-05 | Weights: variational=0.346  terminal=0.110  Smin=0.200  Smax=0.344\n",
      "Iter   9000 | Train: 1.0096e-05 | Val: 9.5852e-05 | Weights: variational=0.071  terminal=0.148  Smin=0.086  Smax=0.695\n",
      "Iter   9500 | Train: 2.9645e-05 | Val: 9.2211e-05 | Weights: variational=0.370  terminal=0.262  Smin=0.193  Smax=0.175\n",
      "Iter  10000 | Train: 9.8231e-06 | Val: 8.9597e-05 | Weights: variational=0.106  terminal=0.134  Smin=0.087  Smax=0.672\n",
      "Iter  10500 | Train: 1.8737e-05 | Val: 8.6367e-05 | Weights: variational=0.204  terminal=0.244  Smin=0.120  Smax=0.432\n",
      "Iter  11000 | Train: 2.7830e-05 | Val: 8.4600e-05 | Weights: variational=0.475  terminal=0.219  Smin=0.176  Smax=0.129\n",
      "Iter  11500 | Train: 1.1609e-06 | Val: 8.3372e-05 | Weights: variational=0.020  terminal=0.010  Smin=0.008  Smax=0.962\n",
      "Iter  12000 | Train: 2.1769e-05 | Val: 8.1900e-05 | Weights: variational=0.226  terminal=0.182  Smin=0.432  Smax=0.160\n",
      "Iter  12500 | Train: 2.3625e-05 | Val: 7.9085e-05 | Weights: variational=0.462  terminal=0.137  Smin=0.154  Smax=0.247\n",
      "Iter  13000 | Train: 1.5304e-05 | Val: 7.8359e-05 | Weights: variational=0.151  terminal=0.122  Smin=0.459  Smax=0.269\n",
      "Iter  13500 | Train: 2.5185e-05 | Val: 7.6424e-05 | Weights: variational=0.454  terminal=0.200  Smin=0.164  Smax=0.183\n",
      "Iter  14000 | Train: 9.0590e-06 | Val: 7.5816e-05 | Weights: variational=0.116  terminal=0.120  Smin=0.066  Smax=0.699\n",
      "Iter  14500 | Train: 2.5929e-05 | Val: 7.3693e-05 | Weights: variational=0.617  terminal=0.133  Smin=0.136  Smax=0.114\n",
      "Early stopping at epoch 14949\n",
      "Training model with seed 4...\n",
      "Precomputing boundary interpolation grids...\n",
      "Done.\n",
      "Iter      0 | Train: 5.1847e-01 | Val: 1.7910e+00 | Weights: variational=0.250  terminal=0.250  Smax=0.250  Smin=0.250\n",
      "Iter    500 | Train: 6.5637e-03 | Val: 2.6415e-02 | Weights: variational=0.250  terminal=0.250  Smax=0.250  Smin=0.250\n",
      "Iter   1000 | Train: 2.8348e-03 | Val: 1.1142e-02 | Weights: variational=0.250  terminal=0.250  Smax=0.250  Smin=0.250\n",
      "Iter   1500 | Train: 1.4603e-03 | Val: 5.6257e-03 | Weights: variational=0.250  terminal=0.250  Smax=0.250  Smin=0.250\n",
      "Iter   2000 | Train: 3.1656e-04 | Val: 1.2391e-03 | Weights: variational=0.250  terminal=0.250  Smax=0.250  Smin=0.250\n",
      "Iter   2500 | Train: 2.4023e-04 | Val: 7.6537e-04 | Weights: variational=0.211  terminal=0.484  Smin=0.152  Smax=0.153\n",
      "Iter   3000 | Train: 1.8955e-04 | Val: 5.5052e-04 | Weights: variational=0.617  terminal=0.149  Smin=0.118  Smax=0.116\n",
      "Iter   3500 | Train: 9.7939e-05 | Val: 4.3681e-04 | Weights: variational=0.258  terminal=0.207  Smin=0.234  Smax=0.302\n",
      "Iter   4000 | Train: 5.6903e-05 | Val: 2.9995e-04 | Weights: variational=0.251  terminal=0.086  Smin=0.625  Smax=0.038\n",
      "Iter   4500 | Train: 7.9203e-05 | Val: 2.8401e-04 | Weights: variational=0.272  terminal=0.333  Smin=0.232  Smax=0.163\n",
      "Iter   5000 | Train: 4.6037e-05 | Val: 2.1818e-04 | Weights: variational=0.152  terminal=0.224  Smin=0.511  Smax=0.113\n",
      "Iter   5500 | Train: 5.9216e-05 | Val: 2.0094e-04 | Weights: variational=0.181  terminal=0.487  Smin=0.092  Smax=0.240\n",
      "Iter   6000 | Train: 4.0977e-05 | Val: 1.8996e-04 | Weights: variational=0.241  terminal=0.181  Smin=0.245  Smax=0.333\n",
      "Iter   6500 | Train: 4.2378e-05 | Val: 1.6521e-04 | Weights: variational=0.498  terminal=0.108  Smin=0.104  Smax=0.290\n",
      "Early stopping at epoch 6989\n",
      "Precomputing boundary interpolation grids...\n",
      "Done.\n",
      "Iter      0 | Train: 7.1723e-02 | Val: 2.0039e-01 | Weights: variational=0.250  terminal=0.250  Smax=0.250  Smin=0.250\n",
      "Iter    500 | Train: 1.6177e-03 | Val: 6.5591e-03 | Weights: variational=0.250  terminal=0.250  Smax=0.250  Smin=0.250\n",
      "Iter   1000 | Train: 1.6772e-03 | Val: 6.2204e-03 | Weights: variational=0.250  terminal=0.250  Smax=0.250  Smin=0.250\n",
      "Iter   1500 | Train: 1.5401e-03 | Val: 6.0357e-03 | Weights: variational=0.250  terminal=0.250  Smax=0.250  Smin=0.250\n",
      "Iter   2000 | Train: 1.4083e-03 | Val: 5.3773e-03 | Weights: variational=0.250  terminal=0.250  Smax=0.250  Smin=0.250\n",
      "Iter   2500 | Train: 6.0661e-04 | Val: 3.0191e-03 | Weights: variational=0.158  terminal=0.277  Smin=0.153  Smax=0.412\n",
      "Iter   3000 | Train: 1.6385e-04 | Val: 6.9920e-04 | Weights: variational=0.120  terminal=0.332  Smin=0.251  Smax=0.296\n",
      "Iter   3500 | Train: 1.2941e-04 | Val: 4.5333e-04 | Weights: variational=0.585  terminal=0.134  Smin=0.153  Smax=0.129\n",
      "Iter   4000 | Train: 8.2413e-05 | Val: 3.1310e-04 | Weights: variational=0.194  terminal=0.208  Smin=0.288  Smax=0.310\n",
      "Iter   4500 | Train: 7.6669e-05 | Val: 2.5347e-04 | Weights: variational=0.259  terminal=0.262  Smin=0.372  Smax=0.107\n",
      "Iter   5000 | Train: 8.6821e-05 | Val: 2.2876e-04 | Weights: variational=0.176  terminal=0.633  Smin=0.100  Smax=0.090\n",
      "Iter   5500 | Train: 5.6015e-05 | Val: 2.4324e-04 | Weights: variational=0.198  terminal=0.089  Smin=0.440  Smax=0.273\n",
      "Iter   6000 | Train: 8.3386e-05 | Val: 2.0512e-04 | Weights: variational=0.129  terminal=0.701  Smin=0.045  Smax=0.125\n",
      "Early stopping at epoch 6401\n"
     ]
    }
   ],
   "source": [
    "seeds = range(5)\n",
    "train_min_max_pinns(seeds)"
   ]
  }
 ],
 "metadata": {
  "kernelspec": {
   "display_name": "M4R_venv (3.11.5)",
   "language": "python",
   "name": "python3"
  },
  "language_info": {
   "codemirror_mode": {
    "name": "ipython",
    "version": 3
   },
   "file_extension": ".py",
   "mimetype": "text/x-python",
   "name": "python",
   "nbconvert_exporter": "python",
   "pygments_lexer": "ipython3",
   "version": "3.11.5"
  }
 },
 "nbformat": 4,
 "nbformat_minor": 5
}
